1 head
values
nan nan nan nan nan nan nan nan nan nan nan nan nan nan nan nan nan nan nan nan nan nan nan nan nan nan nan nan nan nan nan nan nan nan nan nan nan nan nan nan nan nan nan nan nan nan nan nan nan nan 0.0 nan nan nan nan nan nan nan nan nan nan nan nan nan nan nan nan nan nan nan nan nan nan nan nan nan nan nan nan nan nan nan nan nan nan nan nan nan nan nan nan nan nan nan nan nan nan nan nan nan 
nan nan nan nan nan nan nan nan nan nan nan nan nan nan nan nan nan nan nan nan nan nan nan nan nan nan nan nan nan nan nan nan nan nan nan nan nan nan nan nan nan 0.0 0.0 0.0 0.0 0.0 0.0 0.0 0.0 0.0 0.0 0.0 0.0 0.0 0.0 0.0 0.0 0.0 0.0 0.0 nan nan nan nan nan nan nan nan nan nan nan nan nan nan nan nan nan nan nan nan nan nan nan nan nan nan nan nan nan nan nan nan nan nan nan nan nan nan nan nan 
nan nan nan nan nan nan nan nan nan nan nan nan nan nan nan nan nan nan nan nan nan nan nan nan nan nan nan nan nan nan nan nan nan nan nan nan 0.0 0.0 0.0 0.0 0.0 0.0 0.0 0.0 0.0 0.0 0.0 0.0 0.0 0.0 0.0 0.0 0.0 0.0 0.0 0.0 0.0 0.0 0.0 0.0 0.0 0.0 0.0 0.0 0.0 nan nan nan nan nan nan nan nan nan nan nan nan nan nan nan nan nan nan nan nan nan nan nan nan nan nan nan nan nan nan nan nan nan nan nan 
nan nan nan nan nan nan nan nan nan nan nan nan nan nan nan nan nan nan nan nan nan nan nan nan nan nan nan nan nan nan nan nan nan 0.0 0.0 0.0 0.0 0.0 0.0 0.0 0.0 0.0 0.0 0.0 0.0 0.0 0.0 0.0 0.0 0.0 0.0 0.0 0.0 0.0 0.0 0.0 0.0 0.0 0.0 0.0 0.0 0.0 0.0 0.0 0.0 0.0 0.0 0.0 nan nan nan nan nan nan nan nan nan nan nan nan nan nan nan nan nan nan nan nan nan nan nan nan nan nan nan nan nan nan nan nan 
nan nan nan nan nan nan nan nan nan nan nan nan nan nan nan nan nan nan nan nan nan nan nan nan nan nan nan nan nan nan nan 0.0 0.0 0.0 0.0 0.0 0.0 0.0 0.0 0.0 0.0 0.0 0.0 0.0 0.0 0.0 0.0 0.0 0.0 0.0 0.0 0.0 0.0 0.0 0.0 0.0 0.0 0.0 0.0 0.0 0.0 0.0 0.0 0.0 0.0 0.0 0.0 0.0 0.0 0.0 nan nan nan nan nan nan nan nan nan nan nan nan nan nan nan nan nan nan nan nan nan nan nan nan nan nan nan nan nan nan 
nan nan nan nan nan nan nan nan nan nan nan nan nan nan nan nan nan nan nan nan nan nan nan nan nan nan nan nan nan 0.0 0.0 0.0 0.0 0.0 0.0 0.0 0.0 0.0 0.0 0.0 0.0 0.0 0.0 0.0 0.0 0.0 0.0 0.0 0.0 0.0 0.0 0.0 0.0 0.0 0.0 0.0 0.0 0.0 0.0 0.0 0.0 0.0 0.0 0.0 0.0 0.0 0.0 0.0 0.0 0.0 0.0 0.0 nan nan nan nan nan nan nan nan nan nan nan nan nan nan nan nan nan nan nan nan nan nan nan nan nan nan nan nan 
nan nan nan nan nan nan nan nan nan nan nan nan nan nan nan nan nan nan nan nan nan nan nan nan nan nan nan 0.0 0.0 0.0 0.0 0.0 0.0 0.0 0.0 0.0 0.0 0.0 0.0 0.0 0.0 0.0 0.0 0.0 0.0 0.0 0.0 0.0 0.0 0.0 0.0 0.0 0.0 0.0 0.0 0.0 0.0 0.0 0.0 0.0 0.0 0.0 0.0 0.0 0.0 0.0 0.0 0.0 0.0 0.0 0.0 0.0 0.0 0.0 nan nan nan nan nan nan nan nan nan nan nan nan nan nan nan nan nan nan nan nan nan nan nan nan nan nan 
nan nan nan nan nan nan nan nan nan nan nan nan nan nan nan nan nan nan nan nan nan nan nan nan nan 0.0 0.0 0.0 0.0 0.0 0.0 0.0 0.0 0.0 0.0 0.0 0.0 0.0 0.0 0.0 0.0 0.0 0.0 0.0 0.0 0.0 0.0 0.0 0.0 0.0 0.0 0.0 0.0 0.0 0.0 0.0 0.0 0.0 0.0 0.0 0.0 0.0 0.0 0.0 0.0 0.0 0.0 0.0 0.0 0.0 0.0 0.0 0.0 0.0 0.0 0.0 nan nan nan nan nan nan nan nan nan nan nan nan nan nan nan nan nan nan nan nan nan nan nan nan 
nan nan nan nan nan nan nan nan nan nan nan nan nan nan nan nan nan nan nan nan nan nan nan 0.0 0.0 0.0 0.0 0.0 0.0 0.0 0.0 0.0 0.0 0.0 0.0 0.0 0.0 0.0 0.0 0.0 0.0 0.0 0.0 0.0 0.0 0.0 0.0 0.0 0.0 0.0 0.0 0.0 0.0 0.0 0.0 0.0 0.0 0.0 0.0 0.0 0.0 0.0 0.0 0.0 0.0 0.0 0.0 0.0 0.0 0.0 0.0 0.0 0.0 0.0 0.0 0.0 0.0 0.0 nan nan nan nan nan nan nan nan nan nan nan nan nan nan nan nan nan nan nan nan nan nan 
nan nan nan nan nan nan nan nan nan nan nan nan nan nan nan nan nan nan nan nan nan nan 0.0 0.0 0.0 0.0 0.0 0.0 0.0 0.0 0.0 0.0 0.0 0.0 0.0 0.0 0.0 0.0 0.0 0.0 0.0 0.0 0.0 0.0 0.0 0.0 0.0 0.0 0.0 0.0 0.0 0.0 0.0 0.0 0.0 0.0 0.0 0.0 0.0 0.0 0.0 0.0 0.0 0.0 0.0 0.0 0.0 0.0 0.0 0.0 0.0 0.0 0.0 0.0 0.0 0.0 0.0 0.0 0.0 nan nan nan nan nan nan nan nan nan nan nan nan nan nan nan nan nan nan nan nan nan 
nan nan nan nan nan nan nan nan nan nan nan nan nan nan nan nan nan nan nan nan 0.0 0.0 0.0 0.0 0.0 0.0 0.0 0.0 0.0 0.0 0.0 0.0 0.0 0.0 0.0 0.0 0.0 0.0 0.0 0.0 0.0 0.0 0.0 0.0 0.0 0.0 0.0 0.0 0.0 0.0 0.0 0.0 0.0 0.0 0.0 0.0 0.0 0.0 0.0 0.0 0.0 0.0 0.0 0.0 0.0 0.0 0.0 0.0 0.0 0.0 0.0 0.0 0.0 0.0 0.0 0.0 0.0 0.0 0.0 0.0 0.0 nan nan nan nan nan nan nan nan nan nan nan nan nan nan nan nan nan nan nan 
nan nan nan nan nan nan nan nan nan nan nan nan nan nan nan nan nan nan nan 0.0 0.0 0.0 0.0 0.0 0.0 0.0 0.0 0.0 0.0 0.0 0.0 0.0 0.0 0.0 0.0 0.0 0.0 0.0 0.0 0.0 0.0 0.0 0.0 0.0 0.0 0.0 0.0 0.0 0.0 0.0 0.0 0.0 0.0 0.0 0.0 0.0 0.0 0.0 0.0 0.0 0.0 0.0 0.0 0.0 0.0 0.0 0.0 0.0 0.0 0.0 0.0 0.0 0.0 0.0 0.0 0.0 0.0 0.0 0.0 0.0 0.0 0.0 nan nan nan nan nan nan nan nan nan nan nan nan nan nan nan nan nan nan 
nan nan nan nan nan nan nan nan nan nan nan nan nan nan nan nan nan nan 0.0 0.0 0.0 0.0 0.0 0.0 0.0 0.0 0.0 0.0 0.0 0.0 0.0 0.0 0.0 0.0 0.0 0.0 0.0 0.0 0.0 0.0 0.0 0.0 0.0 0.0 0.0 0.0 0.0 0.0 0.0 0.0 0.0 0.0 0.0 0.0 0.0 0.0 0.0 0.0 0.0 0.0 0.0 0.0 0.0 0.0 0.0 0.0 0.0 0.0 0.0 0.0 0.0 0.0 0.0 0.0 0.0 0.0 0.0 0.0 0.0 0.0 0.0 0.0 0.0 nan nan nan nan nan nan nan nan nan nan nan nan nan nan nan nan nan 
nan nan nan nan nan nan nan nan nan nan nan nan nan nan nan nan nan 0.0 0.0 0.0 0.0 0.0 0.0 0.0 0.0 0.0 0.0 0.0 0.0 0.0 0.0 0.0 0.0 0.0 0.0 0.0 0.0 0.0 0.0 0.0 0.0 0.0 0.0 0.0 0.0 0.0 0.0 0.0 0.0 0.0 0.0 0.0 0.0 0.0 0.0 0.0 0.0 0.0 0.0 0.0 0.0 0.0 0.0 0.0 0.0 0.0 0.0 0.0 0.0 0.0 0.0 0.0 0.0 0.0 0.0 0.0 0.0 0.0 0.0 0.0 0.0 0.0 0.0 0.0 nan nan nan nan nan nan nan nan nan nan nan nan nan nan nan nan 
nan nan nan nan nan nan nan nan nan nan nan nan nan nan nan nan 0.0 0.0 0.0 0.0 0.0 0.0 0.0 0.0 0.0 0.0 0.0 0.0 0.0 0.0 0.0 0.0 0.0 0.0 0.0 0.0 0.0 0.0 0.0 0.0 0.0 0.0 0.0 0.0 0.0 0.0 0.0 0.0 0.0 0.0 0.0 0.0 0.0 0.0 0.0 0.0 0.0 0.0 0.0 0.0 0.0 0.0 0.0 0.0 0.0 0.0 0.0 0.0 0.0 0.0 0.0 0.0 0.0 0.0 0.0 0.0 0.0 0.0 0.0 0.0 0.0 0.0 0.0 0.0 0.0 nan nan nan nan nan nan nan nan nan nan nan nan nan nan nan 
nan nan nan nan nan nan nan nan nan nan nan nan nan nan nan 0.0 0.0 0.0 0.0 0.0 0.0 0.0 0.0 0.0 0.0 0.0 0.0 0.0 0.0 0.0 0.0 0.0 0.0 0.0 0.0 0.0 0.0 0.0 0.0 0.0 0.0 0.0 0.0 0.0 0.0 0.0 0.0 0.0 0.0 0.0 0.0 0.0 0.0 0.0 0.0 0.0 0.0 0.0 0.0 0.0 0.0 0.0 0.0 0.0 0.0 0.0 0.0 0.0 0.0 0.0 0.0 0.0 0.0 0.0 0.0 0.0 0.0 0.0 0.0 0.0 0.0 0.0 0.0 0.0 0.0 0.0 nan nan nan nan nan nan nan nan nan nan nan nan nan nan 
nan nan nan nan nan nan nan nan nan nan nan nan nan nan 0.0 0.0 0.0 0.0 0.0 0.0 0.0 0.0 0.0 0.0 0.0 0.0 0.0 0.0 0.0 0.0 0.0 0.0 0.0 0.0 0.0 0.0 0.0 0.0 0.0 0.0 0.0 0.0 0.0 0.0 0.0 0.0 0.0 0.0 0.0 0.0 0.0 0.0 0.0 0.0 0.0 0.0 0.0 0.0 0.0 0.0 0.0 0.0 0.0 0.0 0.0 0.0 0.0 0.0 0.0 0.0 0.0 0.0 0.0 0.0 0.0 0.0 0.0 0.0 0.0 0.0 0.0 0.0 0.0 0.0 0.0 0.0 0.0 nan nan nan nan nan nan nan nan nan nan nan nan nan 
nan nan nan nan nan nan nan nan nan nan nan nan nan 0.0 0.0 0.0 0.0 0.0 0.0 0.0 0.0 0.0 0.0 0.0 0.0 0.0 0.0 0.0 0.0 0.0 0.0 0.0 0.0 0.0 0.0 0.0 0.0 0.0 0.0 0.0 0.0 0.0 0.0 0.0 0.0 0.0 0.0 0.0 0.0 0.0 0.0 0.0 0.0 0.0 0.0 0.0 0.0 0.0 0.0 0.0 0.0 0.0 0.0 0.0 0.0 0.0 0.0 0.0 0.0 0.0 0.0 0.0 0.0 0.0 0.0 0.0 0.0 0.0 0.0 0.0 0.0 0.0 0.0 0.0 0.0 0.0 0.0 0.0 nan nan nan nan nan nan nan nan nan nan nan nan 
nan nan nan nan nan nan nan nan nan nan nan nan 0.0 0.0 0.0 0.0 0.0 0.0 0.0 0.0 0.0 0.0 0.0 0.0 0.0 0.0 0.0 0.0 0.0 0.0 0.0 0.0 0.0 0.0 0.0 0.0 0.0 0.0 0.0 0.0 0.0 0.0 0.0 0.0 0.0 0.0 0.0 0.0 0.0 0.0 0.0 0.0 0.0 0.0 0.0 0.0 0.0 0.0 0.0 0.0 0.0 0.0 0.0 0.0 0.0 0.0 0.0 0.0 0.0 0.0 0.0 0.0 0.0 0.0 0.0 0.0 0.0 0.0 0.0 0.0 0.0 0.0 0.0 0.0 0.0 0.0 0.0 0.0 0.0 nan nan nan nan nan nan nan nan nan nan nan 
nan nan nan nan nan nan nan nan nan nan nan 0.0 0.0 0.0 0.0 0.0 0.0 0.0 0.0 0.0 0.0 0.0 0.0 0.0 0.0 0.0 0.0 0.0 0.0 0.0 0.0 0.0 0.0 0.0 0.0 0.0 0.0 0.0 0.0 0.0 0.0 0.0 0.0 0.0 0.0 0.0 0.0 0.0 0.0 0.0 0.0 0.0 0.0 0.0 0.0 0.0 0.0 0.0 0.0 0.0 0.0 0.0 0.0 0.0 0.0 0.0 0.0 0.0 0.0 0.0 0.0 0.0 0.0 0.0 0.0 0.0 0.0 0.0 0.0 0.0 0.0 0.0 0.0 0.0 0.0 0.0 0.0 0.0 0.0 0.0 nan nan nan nan nan nan nan nan nan nan 
nan nan nan nan nan nan nan nan nan nan 0.0 0.0 0.0 0.0 0.0 0.0 0.0 0.0 0.0 0.0 0.0 0.0 0.0 0.0 0.0 0.0 0.0 0.0 0.0 0.0 0.0 0.0 0.0 0.0 0.0 0.0 0.0 0.0 0.0 0.0 0.0 0.0 0.0 0.0 0.0 0.0 0.0 0.0 0.0 0.0 0.0 0.0 0.0 0.0 0.0 0.0 0.0 0.0 0.0 0.0 0.0 0.0 0.0 0.0 0.0 0.0 0.0 0.0 0.0 0.0 0.0 0.0 0.0 0.0 0.0 0.0 0.0 0.0 0.0 0.0 0.0 0.0 0.0 0.0 0.0 0.0 0.0 0.0 0.0 0.0 0.0 nan nan nan nan nan nan nan nan nan 
nan nan nan nan nan nan nan nan nan nan 0.0 0.0 0.0 0.0 0.0 0.0 0.0 0.0 0.0 0.0 0.0 0.0 0.0 0.0 0.0 0.0 0.0 0.0 0.0 0.0 0.0 0.0 0.0 0.0 0.0 0.0 0.0 0.0 0.0 0.0 0.0 0.0 0.0 0.0 0.0 0.0 0.0 0.0 0.0 0.0 0.0 0.0 0.0 0.0 0.0 0.0 0.0 0.0 0.0 0.0 0.0 0.0 0.0 0.0 0.0 0.0 0.0 0.0 0.0 0.0 0.0 0.0 0.0 0.0 0.0 0.0 0.0 0.0 0.0 0.0 0.0 0.0 0.0 0.0 0.0 0.0 0.0 0.0 0.0 0.0 0.0 nan nan nan nan nan nan nan nan nan 
nan nan nan nan nan nan nan nan nan 0.0 0.0 0.0 0.0 0.0 0.0 0.0 0.0 0.0 0.0 0.0 0.0 0.0 0.0 0.0 0.0 0.0 0.0 0.0 0.0 0.0 0.0 0.0 0.0 0.0 0.0 0.0 0.0 0.0 0.0 0.0 0.0 0.0 0.0 0.0 0.0 0.0 1.546e-08 1.6255e-08 0.0 0.0 1.5194e-08 0.0 0.0 0.0 0.0 0.0 0.0 0.0 0.0 0.0 0.0 0.0 0.0 0.0 0.0 0.0 0.0 0.0 0.0 0.0 0.0 0.0 0.0 0.0 0.0 0.0 0.0 0.0 0.0 0.0 0.0 0.0 0.0 0.0 0.0 0.0 0.0 0.0 0.0 0.0 0.0 0.0 nan nan nan nan nan nan nan nan 
nan nan nan nan nan nan nan nan 0.0 0.0 0.0 0.0 0.0 0.0 0.0 0.0 0.0 0.0 0.0 0.0 0.0 0.0 0.0 0.0 0.0 0.0 0.0 0.0 0.0 0.0 0.0 0.0 0.0 0.0 0.0 0.0 0.0 0.0 0.0 0.0 0.0 0.0 0.0 0.0 1.5462e-08 0.0 0.0 1.7442e-08 0.0 0.0 0.0 1.7421e-08 0.0 1.6285e-08 0.0 0.0 0.0 0.0 0.0 0.0 0.0 0.0 0.0 0.0 0.0 0.0 0.0 0.0 0.0 0.0 0.0 1.5289e-08 0.0 1.88e-08 1.8629e-08 0.0 0.0 0.0 0.0 0.0 0.0 0.0 0.0 0.0 0.0 0.0 0.0 0.0 0.0 0.0 0.0 0.0 0.0 nan nan nan nan nan nan nan 
nan nan nan nan nan nan nan nan 0.0 0.0 0.0 0.0 0.0 0.0 0.0 0.0 0.0 0.0 0.0 0.0 0.0 0.0 0.0 0.0 0.0 0.0 0.0 0.0 0.0 0.0 0.0 0.0 0.0 0.0 0.0 0.0 0.0 0.0 0.0 0.0 0.0 0.0 0.0 0.0 1.5618e-08 1.6169e-08 1.6004e-08 1.56e-08 1.559e-08 1.6063e-08 1.5022e-08 0.0 0.0 0.0 0.0 0.0 0.0 0.0 0.0 0.0 0.0 0.0 0.0 0.0 0.0 0.0 0.0 0.0 0.0 0.0 1.5932e-08 1.9363e-08 1.8715e-08 2.1185e-08 2.2702e-08 1.8458e-08 1.5413e-08 1.5487e-08 0.0 0.0 0.0 0.0 0.0 0.0 0.0 0.0 0.0 0.0 0.0 0.0 0.0 0.0 0.0 nan nan nan nan nan nan nan 
nan nan nan nan nan nan nan 0.0 0.0 0.0 0.0 0.0 0.0 0.0 0.0 0.0 0.0 0.0 0.0 0.0 0.0 0.0 0.0 0.0 0.0 0.0 0.0 0.0 0.0 0.0 0.0 0.0 0.0 0.0 0.0 0.0 0.0 0.0 0.0 0.0 0.0 0.0 0.0 0.0 0.0 0.0 0.0 0.0 0.0 0.0 1.5094e-08 1.6205e-08 0.0 0.0 0.0 0.0 0.0 0.0 1.5044e-08 0.0 0.0 0.0 1.5654e-08 1.5573e-08 0.0 0.0 1.5633e-08 1.6583e-08 1.7294e-08 1.865e-08 1.8646e-08 2.2476e-08 2.4386e-08 2.87e-08 2.9734e-08 2.1572e-08 1.9487e-08 1.8678e-08 1.8674e-08 1.6904e-08 1.6501e-08 0.0 0.0 0.0 1.5029e-08 1.5065e-08 0.0 0.0 0.0 0.0 0.0 0.0 0.0 0.0 nan nan nan nan nan nan 
nan nan nan nan nan nan nan 0.0 0.0 0.0 0.0 0.0 0.0 0.0 0.0 0.0 0.0 0.0 0.0 0.0 0.0 0.0 0.0 0.0 0.0 0.0 0.0 0.0 0.0 0.0 0.0 0.0 0.0 0.0 0.0 1.6228e-08 0.0 0.0 1.8446e-08 1.5163e-08 0.0 0.0 0.0 0.0 0.0 0.0 0.0 0.0 0.0 0.0 0.0 0.0 0.0 0.0 0.0 0.0 0.0 0.0 0.0 0.0 0.0 1.5344e-08 1.8774e-08 1.821e-08 1.78e-08 1.7635e-08 2.0428e-08 2.0978e-08 2.1297e-08 2.2086e-08 2.272e-08 2.3915e-08 2.6862e-08 3.5093e-08 3.5328e-08 2.5246e-08 2.3483e-08 2.2597e-08 2.2509e-08 2.2022e-08 2.0974e-08 1.849e-08 1.7386e-08 1.7141e-08 1.7141e-08 1.7103e-08 1.6876e-08 1.6438e-08 1.5848e-08 1.5182e-08 0.0 0.0 0.0 0.0 nan nan nan nan nan nan 
nan nan nan nan nan nan 0.0 0.0 0.0 0.0 0.0 0.0 0.0 0.0 0.0 0.0 0.0 0.0 0.0 0.0 0.0 0.0 0.0 0.0 0.0 0.0 0.0 0.0 0.0 0.0 0.0 0.0 0.0 0.0 0.0 0.0 1.5014e-08 1.501e-08 0.0 0.0 0.0 0.0 0.0 0.0 0.0 0.0 0.0 0.0 0.0 0.0 0.0 0.0 0.0 0.0 0.0 0.0 0.0 0.0 0.0 1.543e-08 0.0 1.5815e-08 1.8208e-08 1.9957e-08 2.0914e-08 2.2508e-08 2.2981e-08 2.433e-08 2.5764e-08 2.5921e-08 2.7509e-08 2.7105e-08 3.4293e-08 3.8606e-08 3.8197e-08 3.1717e-08 2.6751e-08 2.5227e-08 2.3941e-08 2.3376e-08 2.209e-08 2.0005e-08 1.9745e-08 1.9502e-08 1.9533e-08 1.946e-08 1.9046e-08 1.8314e-08 1.7431e-08 1.6535e-08 1.5688e-08 0.0 0.0 0.0 0.0 nan nan nan nan nan 
nan nan nan nan nan nan 0.0 0.0 0.0 0.0 0.0 0.0 0.0 0.0 0.0 0.0 0.0 0.0 0.0 0.0 0.0 0.0 0.0 0.0 0.0 0.0 0.0 0.0 0.0 0.0 0.0 0.0 0.0 0.0 1.5023e-08 0.0 0.0 0.0 0.0 0.0 0.0 0.0 0.0 0.0 0.0 0.0 0.0 0.0 0.0 0.0 0.0 0.0 0.0 0.0 0.0 0.0 0.0 0.0 0.0 0.0 1.6535e-08 1.9406e-08 1.908e-08 2.2111e-08 2.4266e-08 2.6498e-08 2.6172e-08 2.8481e-08 2.9032e-08 3.0388e-08 3.1421e-08 3.2693e-08 4.5635e-08 4.587e-08 4.2109e-08 3.6345e-08 3.2024e-08 3.0654e-08 3.0412e-08 2.8881e-08 2.6795e-08 2.4072e-08 2.2402e-08 2.2104e-08 2.2371e-08 2.2326e-08 2.1572e-08 2.0276e-08 1.8943e-08 1.7751e-08 1.6754e-08 1.5928e-08 1.511e-08 0.0 0.0 nan nan nan nan nan 
nan nan nan nan nan 0.0 0.0 0.0 0.0 0.0 0.0 0.0 0.0 0.0 0.0 0.0 0.0 0.0 0.0 0.0 0.0 0.0 0.0 0.0 0.0 0.0 0.0 0.0 0.0 0.0 0.0 0.0 0.0 0.0 0.0 0.0 0.0 0.0 0.0 0.0 0.0 0.0 0.0 0.0 0.0 0.0 0.0 0.0 0.0 0.0 0.0 0.0 0.0 0.0 0.0 0.0 0.0 0.0 0.0 0.0 1.7406e-08 2.0521e-08 2.1233e-08 2.5063e-08 2.7295e-08 2.9367e-08 3.0884e-08 3.1273e-08 3.3028e-08 3.5898e-08 3.7009e-08 3.9802e-08 5.083e-08 5.3778e-08 4.7536e-08 4.1134e-08 3.7612e-08 3.5288e-08 3.2481e-08 3.5596e-08 3.0869e-08 2.8069e-08 2.4958e-08 2.4845e-08 2.5932e-08 2.6089e-08 2.4739e-08 2.2023e-08 2.0225e-08 1.8642e-08 1.7518e-08 1.6874e-08 1.6235e-08 0.0 0.0 0.0 nan nan nan nan 
nan nan nan nan nan 0.0 0.0 0.0 0.0 0.0 0.0 0.0 0.0 0.0 0.0 0.0 0.0 0.0 0.0 0.0 0.0 0.0 0.0 0.0 0.0 0.0 0.0 0.0 0.0 0.0 0.0 0.0 0.0 0.0 0.0 0.0 0.0 0.0 0.0 0.0 0.0 0.0 0.0 0.0 0.0 0.0 0.0 0.0 0.0 0.0 0.0 0.0 0.0 0.0 0.0 0.0 0.0 0.0 0.0 0.0 0.0 1.924e-08 2.2111e-08 2.5303e-08 2.9372e-08 3.3846e-08 3.5917e-08 3.5991e-08 3.9183e-08 4.3336e-08 4.5007e-08 4.6756e-08 5.0586e-08 5.53e-08 5.1533e-08 4.6889e-08 4.3767e-08 4.1121e-08 3.8958e-08 3.6474e-08 3.4389e-08 3.2303e-08 2.8221e-08 2.5736e-08 3.0842e-08 3.1161e-08 2.9791e-08 2.179e-08 2.1548e-08 1.8818e-08 1.7616e-08 1.7606e-08 1.8324e-08 1.504e-08 0.0 0.0 nan nan nan nan 
nan nan nan nan 0.0 0.0 0.0 0.0 0.0 0.0 0.0 0.0 0.0 0.0 0.0 0.0 0.0 0.0 0.0 0.0 0.0 0.0 0.0 0.0 0.0 0.0 0.0 0.0 0.0 0.0 0.0 0.0 0.0 0.0 0.0 0.0 0.0 0.0 0.0 0.0 0.0 0.0 0.0 0.0 0.0 0.0 0.0 0.0 0.0 0.0 0.0 0.0 0.0 0.0 0.0 0.0 0.0 0.0 0.0 0.0 0.0 1.9551e-08 2.362e-08 2.8172e-08 3.5037e-08 3.8468e-08 4.0146e-08 4.1257e-08 4.461e-08 4.9478e-08 5.1549e-08 5.4181e-08 5.3777e-08 5.6809e-08 5.6644e-08 5.2e-08 4.9271e-08 4.5749e-08 4.6299e-08 4.2139e-08 3.9977e-08 3.6686e-08 3.3325e-08 2.9803e-08 3.1153e-08 3.2109e-08 3.1538e-08 2.6096e-08 2.3134e-08 2.2325e-08 1.984e-08 1.8954e-08 1.8151e-08 1.6465e-08 1.5656e-08 0.0 1.5004e-08 nan nan nan 
nan nan nan nan 0.0 0.0 0.0 0.0 0.0 0.0 0.0 0.0 0.0 0.0 0.0 0.0 0.0 0.0 0.0 0.0 0.0 0.0 0.0 0.0 0.0 0.0 0.0 0.0 0.0 0.0 1.5906e-08 0.0 0.0 0.0 0.0 0.0 0.0 0.0 0.0 0.0 0.0 0.0 0.0 0.0 0.0 0.0 0.0 0.0 0.0 0.0 0.0 0.0 0.0 0.0 0.0 0.0 0.0 0.0 0.0 0.0 0.0 0.0 2.0579e-08 2.8327e-08 3.7751e-08 4.4623e-08 4.5334e-08 4.6368e-08 4.8761e-08 5.379e-08 5.8664e-08 6.145e-08 6.193e-08 6.1282e-08 6.0556e-08 5.7911e-08 5.4704e-08 5.4217e-08 5.1178e-08 4.7012e-08 4.3889e-08 4.0045e-08 3.6439e-08 3.2517e-08 3.0832e-08 3.0345e-08 2.826e-08 2.3932e-08 2.3206e-08 2.288e-08 2.0795e-08 2.0392e-08 1.6786e-08 1.5983e-08 0.0 0.0 0.0 nan nan nan 
nan nan nan 0.0 0.0 0.0 0.0 0.0 0.0 0.0 0.0 0.0 0.0 0.0 0.0 0.0 0.0 0.0 0.0 0.0 0.0 0.0 0.0 0.0 0.0 0.0 0.0 0.0 0.0 0.0 0.0 0.0 1.5649e-08 0.0 0.0 0.0 0.0 0.0 0.0 0.0 0.0 0.0 0.0 0.0 0.0 0.0 0.0 0.0 0.0 0.0 0.0 0.0 0.0 0.0 0.0 0.0 0.0 0.0 0.0 0.0 0.0 0.0 2.1135e-08 2.9037e-08 3.9904e-08 4.7575e-08 5.4202e-08 5.3876e-08 5.3073e-08 6.0744e-08 6.585e-08 6.9042e-08 6.9677e-08 6.9673e-08 6.9585e-08 6.5902e-08 6.3018e-08 5.9412e-08 5.6128e-08 5.3083e-08 4.9316e-08 4.5472e-08 4.1473e-08 3.7867e-08 3.5299e-08 3.0256e-08 2.7855e-08 2.6807e-08 2.4883e-08 2.2476e-08 2.2549e-08 1.7429e-08 1.7419e-08 1.6938e-08 0.0 0.0 0.0 0.0 nan nan 
nan nan nan 0.0 0.0 0.0 0.0 0.0 0.0 0.0 0.0 0.0 0.0 0.0 0.0 0.0 0.0 0.0 0.0 0.0 0.0 0.0 0.0 0.0 0.0 0.0 0.0 0.0 1.551e-08 0.0 1.5896e-08 0.0 0.0 0.0 0.0 0.0 0.0 0.0 0.0 0.0 0.0 0.0 0.0 0.0 0.0 0.0 0.0 0.0 0.0 0.0 0.0 0.0 0.0 0.0 0.0 0.0 0.0 0.0 0.0 0.0 0.0 0.0 1.8326e-08 2.7112e-08 3.7425e-08 4.9007e-08 5.5318e-08 5.8749e-08 5.9222e-08 6.5449e-08 7.0401e-08 7.3993e-08 7.6225e-08 7.6221e-08 7.5334e-08 7.3971e-08 7.0765e-08 6.6121e-08 6.1478e-08 5.9154e-08 5.531e-08 5.0106e-08 4.5778e-08 4.2417e-08 3.7774e-08 3.3453e-08 2.9048e-08 2.4566e-08 2.4233e-08 2.2393e-08 2.4625e-08 2.1896e-08 1.9257e-08 1.8847e-08 1.6523e-08 0.0 0.0 0.0 nan nan 
nan nan nan 0.0 0.0 0.0 0.0 0.0 0.0 0.0 0.0 0.0 0.0 0.0 0.0 0.0 0.0 0.0 0.0 0.0 0.0 0.0 0.0 0.0 1.641e-08 1.5201e-08 0.0 0.0 0.0 1.6294e-08 1.5008e-08 1.5165e-08 0.0 0.0 0.0 0.0 0.0 0.0 0.0 0.0 0.0 0.0 0.0 0.0 0.0 0.0 0.0 0.0 0.0 0.0 0.0 0.0 0.0 0.0 0.0 0.0 0.0 0.0 0.0 0.0 0.0 0.0 1.6246e-08 2.199e-08 3.5576e-08 4.9324e-08 5.6434e-08 5.9781e-08 6.2174e-08 6.9845e-08 7.5834e-08 8.0302e-08 8.1897e-08 8.1493e-08 8.0207e-08 7.8283e-08 7.6836e-08 7.4989e-08 6.9708e-08 6.4903e-08 6.162e-08 5.5456e-08 5.1051e-08 4.537e-08 4.1603e-08 3.7204e-08 3.1279e-08 2.6236e-08 2.4389e-08 2.3187e-08 2.5097e-08 2.3572e-08 2.1726e-08 1.8126e-08 1.6595e-08 0.0 0.0 0.0 nan nan 
nan nan 0.0 0.0 0.0 0.0 0.0 0.0 0.0 0.0 0.0 0.0 0.0 0.0 0.0 0.0 0.0 0.0 0.0 0.0 0.0 0.0 0.0 0.0 0.0 1.5763e-08 0.0 0.0 0.0 0.0 1.5248e-08 0.0 0.0 0.0 0.0 0.0 0.0 0.0 0.0 0.0 0.0 0.0 0.0 0.0 0.0 0.0 0.0 0.0 0.0 0.0 0.0 0.0 0.0 0.0 0.0 0.0 0.0 0.0 0.0 0.0 0.0 0.0 1.5925e-08 2.5432e-08 2.974e-08 4.3326e-08 5.3954e-08 5.8983e-08 6.1538e-08 7.1283e-08 7.735e-08 8.406e-08 8.6054e-08 8.6765e-08 8.7799e-08 8.6275e-08 8.5311e-08 7.8908e-08 7.4742e-08 7.0021e-08 6.5693e-08 6.1611e-08 5.5447e-08 5.0088e-08 4.3686e-08 3.9757e-08 3.5275e-08 2.8634e-08 2.7026e-08 2.3987e-08 2.5259e-08 2.4611e-08 2.1888e-08 1.7483e-08 1.6519e-08 1.7469e-08 0.0 0.0 0.0 nan 
nan nan 0.0 0.0 0.0 0.0 0.0 0.0 0.0 0.0 0.0 0.0 0.0 0.0 0.0 0.0 0.0 0.0 0.0 0.0 0.0 0.0 0.0 0.0 0.0 1.6312e-08 1.6785e-08 0.0 0.0 1.629e-08 1.6518e-08 0.0 0.0 0.0 0.0 0.0 0.0 0.0 0.0 0.0 0.0 0.0 0.0 0.0 0.0 0.0 0.0 0.0 0.0 0.0 0.0 0.0 0.0 0.0 0.0 0.0 0.0 0.0 0.0 0.0 0.0 0.0 0.0 2.5666e-08 3.5727e-08 3.9242e-08 4.9071e-08 5.5859e-08 6.2808e-08 7.4474e-08 8.2544e-08 8.8933e-08 9.2602e-08 9.2837e-08 9.2427e-08 9.1946e-08 9.0738e-08 8.7931e-08 8.2011e-08 7.4327e-08 6.9928e-08 6.6e-08 6.3116e-08 5.4477e-08 4.7837e-08 4.2233e-08 3.855e-08 3.3662e-08 2.838e-08 2.6134e-08 2.5331e-08 2.4284e-08 2.3481e-08 2.0751e-08 1.5148e-08 1.6581e-08 1.7054e-08 0.0 0.0 nan 
nan nan 0.0 0.0 0.0 0.0 0.0 0.0 0.0 0.0 0.0 0.0 0.0 0.0 0.0 0.0 0.0 0.0 0.0 0.0 0.0 0.0 0.0 0.0 0.0 0.0 0.0 1.5577e-08 1.6849e-08 1.7084e-08 1.6674e-08 1.571e-08 0.0 0.0 0.0 0.0 0.0 0.0 0.0 0.0 0.0 0.0 0.0 0.0 0.0 0.0 0.0 0.0 0.0 0.0 0.0 0.0 0.0 0.0 0.0 0.0 0.0 0.0 0.0 0.0 0.0 0.0 0.0 1.9584e-08 3.5806e-08 4.4913e-08 4.6585e-08 4.9378e-08 5.9923e-08 7.5029e-08 8.3899e-08 9.0448e-08 9.5555e-08 9.8186e-08 9.9542e-08 9.9693e-08 9.7047e-08 9.0967e-08 8.7522e-08 8.0881e-08 7.464e-08 7.1118e-08 6.4155e-08 5.6792e-08 5.0551e-08 4.5263e-08 4.1741e-08 3.8296e-08 3.0856e-08 2.6135e-08 2.5004e-08 2.5561e-08 2.4197e-08 2.1552e-08 0.0 1.5699e-08 0.0 0.0 0.0 nan 
nan nan 0.0 0.0 0.0 0.0 0.0 0.0 0.0 0.0 0.0 0.0 0.0 0.0 0.0 0.0 0.0 0.0 0.0 0.0 0.0 0.0 0.0 0.0 0.0 1.7744e-08 1.622e-08 1.6931e-08 1.6367e-08 1.9875e-08 1.7313e-08 1.5627e-08 0.0 0.0 0.0 0.0 0.0 0.0 0.0 0.0 0.0 0.0 0.0 0.0 0.0 0.0 0.0 0.0 0.0 0.0 0.0 0.0 0.0 0.0 0.0 0.0 0.0 0.0 0.0 0.0 0.0 0.0 0.0 0.0 2.7411e-08 4.2434e-08 4.8661e-08 4.9617e-08 5.7204e-08 7.4625e-08 8.3732e-08 9.2763e-08 9.9551e-08 1.029e-07 1.0433e-07 1.0377e-07 1.0088e-07 9.7998e-08 9.3516e-08 8.8389e-08 8.0872e-08 7.5346e-08 7.0948e-08 6.47e-08 5.6222e-08 4.9897e-08 4.3817e-08 3.9734e-08 3.3248e-08 3.0203e-08 2.5243e-08 2.5233e-08 2.5307e-08 2.4104e-08 1.8263e-08 1.6339e-08 0.0 0.0 0.0 nan 
nan nan 0.0 0.0 0.0 0.0 0.0 0.0 0.0 0.0 0.0 0.0 0.0 0.0 0.0 0.0 0.0 0.0 0.0 0.0 0.0 0.0 0.0 1.5034e-08 1.5024e-08 1.6618e-08 1.6853e-08 1.7087e-08 1.6439e-08 1.8033e-08 1.667e-08 0.0 0.0 0.0 0.0 0.0 0.0 0.0 0.0 0.0 0.0 0.0 0.0 0.0 0.0 0.0 0.0 0.0 0.0 0.0 0.0 0.0 0.0 0.0 0.0 0.0 0.0 0.0 0.0 0.0 0.0 0.0 0.0 0.0 0.0 3.371e-08 4.6658e-08 5.0166e-08 5.8475e-08 6.8704e-08 8.2045e-08 9.1553e-08 9.8908e-08 1.0497e-07 1.0705e-07 1.0912e-07 1.0639e-07 1.0239e-07 9.6868e-08 9.0627e-08 8.7021e-08 8.0141e-08 7.4138e-08 6.9411e-08 5.9974e-08 5.1329e-08 4.5886e-08 4.2042e-08 3.7798e-08 2.9482e-08 2.5715e-08 2.5711e-08 2.4503e-08 2.3062e-08 1.9056e-08 0.0 0.0 0.0 0.0 nan 
nan 0.0 0.0 0.0 0.0 0.0 0.0 0.0 0.0 0.0 0.0 0.0 0.0 0.0 0.0 0.0 0.0 0.0 0.0 0.0 0.0 1.5758e-08 1.5355e-08 1.5428e-08 1.7577e-08 2.0292e-08 1.9966e-08 1.9157e-08 1.9069e-08 1.8028e-08 1.6259e-08 0.0 0.0 0.0 0.0 0.0 0.0 0.0 0.0 0.0 0.0 0.0 0.0 0.0 0.0 0.0 0.0 0.0 0.0 0.0 0.0 0.0 0.0 0.0 0.0 0.0 0.0 0.0 0.0 0.0 0.0 0.0 0.0 0.0 0.0 1.5314e-08 3.5776e-08 4.712e-08 5.8708e-08 6.7494e-08 7.7645e-08 9.011e-08 9.9379e-08 1.0528e-07 1.1335e-07 1.1686e-07 1.1094e-07 1.095e-07 1.0565e-07 9.7091e-08 9.2048e-08 8.7089e-08 7.7967e-08 7.0444e-08 6.4125e-08 5.7001e-08 4.9638e-08 4.3319e-08 3.9874e-08 3.3072e-08 2.7469e-08 2.7381e-08 2.5457e-08 2.345e-08 2.1049e-08 1.616e-08 0.0 0.0 0.0 0.0 
nan 0.0 0.0 0.0 0.0 0.0 0.0 0.0 0.0 0.0 0.0 0.0 0.0 0.0 0.0 0.0 0.0 0.0 0.0 1.7842e-08 1.7277e-08 1.7828e-08 1.7901e-08 1.8535e-08 2.1328e-08 2.5558e-08 2.395e-08 2.075e-08 1.9141e-08 1.8654e-08 0.0 0.0 0.0 0.0 0.0 0.0 0.0 0.0 0.0 0.0 0.0 0.0 0.0 0.0 0.0 0.0 0.0 0.0 0.0 0.0 0.0 0.0 0.0 0.0 0.0 0.0 0.0 0.0 0.0 0.0 0.0 0.0 0.0 0.0 0.0 0.0 1.738e-08 3.8402e-08 5.5423e-08 7.1007e-08 7.8272e-08 8.5227e-08 9.601e-08 1.052e-07 1.1551e-07 1.1949e-07 1.1837e-07 1.1421e-07 1.0868e-07 1.0388e-07 9.6276e-08 9.1317e-08 8.3794e-08 7.4994e-08 6.7954e-08 5.9231e-08 5.163e-08 4.5705e-08 4.2021e-08 3.578e-08 2.8901e-08 2.7292e-08 2.5691e-08 2.28e-08 2.0715e-08 1.6316e-08 0.0 0.0 0.0 0.0 
nan 0.0 0.0 0.0 0.0 0.0 0.0 0.0 0.0 0.0 0.0 0.0 0.0 0.0 0.0 0.0 0.0 1.7773e-08 1.9928e-08 2.0478e-08 2.2633e-08 2.3583e-08 2.3019e-08 2.1017e-08 2.8766e-08 3.3711e-08 3.2985e-08 2.8426e-08 2.2423e-08 2.0099e-08 0.0 0.0 0.0 0.0 0.0 0.0 0.0 0.0 0.0 0.0 0.0 0.0 0.0 0.0 0.0 0.0 0.0 0.0 0.0 0.0 0.0 0.0 0.0 0.0 0.0 0.0 0.0 0.0 0.0 0.0 0.0 0.0 0.0 0.0 0.0 0.0 0.0 4.1516e-08 5.4786e-08 7.0525e-08 8.1314e-08 8.7703e-08 9.3853e-08 1.0656e-07 1.1559e-07 1.2845e-07 1.2845e-07 1.198e-07 1.1604e-07 1.0716e-07 1.0252e-07 9.4914e-08 9.0593e-08 8.131e-08 7.0352e-08 6.3466e-08 5.6426e-08 5.0262e-08 4.3543e-08 3.8101e-08 3.2498e-08 2.8576e-08 2.6568e-08 2.4406e-08 2.1199e-08 1.5757e-08 0.0 0.0 0.0 0.0 
nan 0.0 0.0 0.0 0.0 0.0 0.0 0.0 0.0 0.0 0.0 0.0 0.0 0.0 1.5228e-08 1.5862e-08 1.8816e-08 2.2324e-08 2.616e-08 2.7832e-08 2.8943e-08 2.7418e-08 2.581e-08 2.6528e-08 3.0197e-08 3.6264e-08 3.682e-08 3.4497e-08 2.9054e-08 1.7136e-08 0.0 0.0 0.0 0.0 0.0 0.0 0.0 0.0 0.0 0.0 0.0 0.0 0.0 0.0 0.0 0.0 0.0 0.0 0.0 0.0 0.0 0.0 0.0 0.0 0.0 0.0 0.0 0.0 0.0 0.0 0.0 0.0 0.0 0.0 0.0 0.0 0.0 4.2716e-08 5.0863e-08 6.2207e-08 7.8268e-08 8.858e-08 9.2327e-08 1.0911e-07 1.2669e-07 1.3852e-07 1.4115e-07 1.3459e-07 1.2635e-07 1.1627e-07 1.0731e-07 9.8189e-08 9.3623e-08 8.2826e-08 7.1307e-08 6.9621e-08 6.6415e-08 5.8891e-08 4.8416e-08 3.9294e-08 3.2492e-08 2.6812e-08 2.4404e-08 2.2957e-08 2.1033e-08 1.8626e-08 0.0 0.0 0.0 0.0 
nan 0.0 0.0 0.0 0.0 0.0 0.0 0.0 0.0 0.0 0.0 0.0 0.0 1.5065e-08 1.6659e-08 1.9691e-08 2.3199e-08 2.5192e-08 2.8468e-08 3.2299e-08 3.437e-08 3.3322e-08 3.1559e-08 3.2193e-08 2.9464e-08 3.4016e-08 3.8168e-08 3.7043e-08 3.5996e-08 2.5675e-08 0.0 0.0 0.0 0.0 0.0 0.0 0.0 0.0 0.0 0.0 0.0 0.0 0.0 0.0 0.0 0.0 0.0 0.0 0.0 0.0 0.0 0.0 0.0 0.0 0.0 0.0 0.0 0.0 0.0 0.0 0.0 0.0 0.0 0.0 0.0 0.0 0.0 2.8953e-08 4.1096e-08 5.2762e-08 6.9306e-08 8.5527e-08 9.6716e-08 1.1941e-07 1.3564e-07 1.4451e-07 1.4721e-07 1.4433e-07 1.4065e-07 1.3065e-07 1.1817e-07 1.0393e-07 9.6253e-08 8.7608e-08 7.6888e-08 7.0331e-08 6.9522e-08 6.4956e-08 5.1201e-08 4.0964e-08 3.5361e-08 2.8159e-08 2.6074e-08 2.359e-08 2.1105e-08 1.8537e-08 0.0 0.0 0.0 0.0 
nan 0.0 0.0 0.0 0.0 0.0 0.0 0.0 0.0 0.0 0.0 0.0 1.5469e-08 1.7386e-08 2.0417e-08 2.3687e-08 2.744e-08 2.9189e-08 3.3824e-08 3.8209e-08 4.0125e-08 4.2035e-08 4.091e-08 3.8825e-08 3.7223e-08 3.8734e-08 3.641e-08 3.6561e-08 3.4714e-08 2.5277e-08 0.0 0.0 0.0 0.0 0.0 0.0 0.0 0.0 0.0 0.0 0.0 0.0 0.0 0.0 0.0 0.0 0.0 0.0 0.0 0.0 0.0 0.0 0.0 0.0 0.0 0.0 0.0 0.0 0.0 0.0 0.0 0.0 0.0 0.0 0.0 0.0 0.0 0.0 1.7113e-08 3.9173e-08 5.8114e-08 7.6494e-08 9.7594e-08 1.2165e-07 1.3812e-07 1.4474e-07 1.4754e-07 1.4633e-07 1.4272e-07 1.3784e-07 1.2904e-07 1.1616e-07 1.0153e-07 9.2088e-08 8.3842e-08 7.3284e-08 6.8885e-08 6.12e-08 5.1518e-08 4.1604e-08 3.7514e-08 3.1511e-08 2.7113e-08 2.4944e-08 2.2859e-08 1.9814e-08 1.5415e-08 0.0 0.0 0.0 
nan 0.0 0.0 0.0 0.0 0.0 0.0 0.0 0.0 0.0 0.0 0.0 0.0 1.8012e-08 1.9768e-08 2.5434e-08 2.9187e-08 3.3417e-08 3.7492e-08 4.1477e-08 4.5469e-08 4.7546e-08 4.5139e-08 4.3292e-08 4.073e-08 3.9122e-08 3.8319e-08 3.5035e-08 3.1107e-08 1.7513e-08 0.0 0.0 0.0 0.0 0.0 0.0 0.0 0.0 0.0 0.0 0.0 0.0 0.0 0.0 0.0 0.0 0.0 0.0 0.0 0.0 0.0 0.0 0.0 0.0 0.0 0.0 0.0 0.0 0.0 0.0 0.0 0.0 0.0 0.0 0.0 0.0 0.0 0.0 0.0 2.1969e-08 4.1232e-08 6.4091e-08 9.3825e-08 1.2292e-07 1.3659e-07 1.4346e-07 1.4601e-07 1.452e-07 1.4272e-07 1.4135e-07 1.3375e-07 1.2407e-07 1.1343e-07 1.0143e-07 9.1673e-08 7.9194e-08 6.7192e-08 6.1111e-08 5.3349e-08 4.415e-08 3.807e-08 3.3903e-08 2.734e-08 2.3895e-08 2.0772e-08 1.9087e-08 1.7478e-08 0.0 0.0 0.0 
nan 0.0 0.0 0.0 0.0 0.0 0.0 0.0 0.0 0.0 0.0 0.0 1.7057e-08 1.8967e-08 2.2237e-08 2.7027e-08 3.1579e-08 3.5332e-08 3.9162e-08 4.4836e-08 4.9542e-08 5.2174e-08 5.1932e-08 5.0723e-08 4.8399e-08 4.3994e-08 4.0073e-08 3.3509e-08 2.2712e-08 0.0 0.0 0.0 0.0 0.0 0.0 0.0 0.0 0.0 0.0 0.0 0.0 0.0 0.0 0.0 0.0 0.0 0.0 0.0 0.0 0.0 0.0 0.0 0.0 0.0 0.0 0.0 0.0 0.0 0.0 0.0 0.0 0.0 0.0 0.0 0.0 0.0 0.0 0.0 0.0 0.0 3.0434e-08 5.7294e-08 8.9986e-08 1.1372e-07 1.2818e-07 1.3841e-07 1.4273e-07 1.416e-07 1.4151e-07 1.3967e-07 1.3446e-07 1.2998e-07 1.1926e-07 1.0822e-07 9.5901e-08 8.6064e-08 7.3585e-08 6.3026e-08 5.5103e-08 4.7019e-08 3.974e-08 3.4059e-08 2.7895e-08 2.3812e-08 2.1805e-08 1.9719e-08 1.7634e-08 0.0 0.0 0.0 
nan 0.0 0.0 0.0 0.0 0.0 0.0 0.0 0.0 0.0 0.0 1.5941e-08 1.8173e-08 2.2003e-08 2.4236e-08 2.8626e-08 3.2856e-08 3.6532e-08 4.3642e-08 4.8587e-08 5.1303e-08 5.6093e-08 5.9446e-08 5.8315e-08 5.5592e-08 5.1909e-08 4.463e-08 3.6707e-08 2.7346e-08 0.0 0.0 0.0 0.0 0.0 0.0 0.0 0.0 0.0 0.0 0.0 0.0 0.0 0.0 0.0 0.0 0.0 0.0 0.0 0.0 0.0 0.0 0.0 0.0 0.0 0.0 0.0 0.0 0.0 0.0 0.0 0.0 0.0 0.0 0.0 0.0 0.0 0.0 0.0 0.0 0.0 2.4835e-08 6.4963e-08 9.214e-08 1.1732e-07 1.3178e-07 1.3617e-07 1.3649e-07 1.3656e-07 1.3895e-07 1.3519e-07 1.3383e-07 1.3126e-07 1.179e-07 1.0758e-07 9.8622e-08 8.7902e-08 7.55e-08 6.4381e-08 5.5021e-08 4.6943e-08 3.9342e-08 3.5497e-08 2.7574e-08 2.4129e-08 2.1967e-08 2.0442e-08 1.8196e-08 0.0 0.0 0.0 
0.0 0.0 0.0 0.0 0.0 0.0 0.0 0.0 0.0 0.0 0.0 1.5059e-08 1.7607e-08 2.0561e-08 2.4069e-08 2.8943e-08 3.365e-08 3.7964e-08 4.4275e-08 4.7467e-08 5.4571e-08 6.0405e-08 6.4396e-08 6.3826e-08 6.0787e-08 6.0461e-08 5.6133e-08 4.8609e-08 3.9333e-08 2.6616e-08 0.0 0.0 0.0 0.0 0.0 0.0 0.0 0.0 0.0 0.0 0.0 0.0 0.0 0.0 0.0 0.0 0.0 0.0 0.0 0.0 0.0 0.0 0.0 0.0 0.0 0.0 0.0 0.0 0.0 0.0 0.0 0.0 0.0 0.0 0.0 0.0 0.0 0.0 0.0 0.0 0.0 5.6008e-08 9.5176e-08 1.2499e-07 1.3593e-07 1.3441e-07 1.3248e-07 1.3439e-07 1.3423e-07 1.3326e-07 1.3222e-07 1.2621e-07 1.139e-07 1.0366e-07 9.6058e-08 8.5416e-08 7.382e-08 6.31e-08 5.294e-08 4.8935e-08 4.453e-08 3.421e-08 2.5649e-08 2.4208e-08 2.028e-08 1.9954e-08 1.6271e-08 0.0 0.0 0.0 
nan 0.0 0.0 0.0 0.0 0.0 0.0 0.0 0.0 0.0 0.0 1.593e-08 1.9445e-08 2.2315e-08 2.4463e-08 3.0053e-08 3.4927e-08 3.9479e-08 4.4585e-08 4.9376e-08 5.4965e-08 6.4956e-08 6.9024e-08 6.8221e-08 6.5337e-08 6.2054e-08 6.0606e-08 5.6524e-08 4.5643e-08 3.3402e-08 1.5968e-08 0.0 0.0 0.0 0.0 0.0 0.0 0.0 0.0 0.0 0.0 0.0 0.0 0.0 0.0 0.0 0.0 0.0 0.0 0.0 0.0 0.0 0.0 0.0 0.0 0.0 0.0 0.0 0.0 0.0 0.0 0.0 0.0 0.0 0.0 0.0 0.0 0.0 0.0 0.0 0.0 4.8727e-08 8.7812e-08 1.1531e-07 1.2609e-07 1.2889e-07 1.3152e-07 1.2992e-07 1.3246e-07 1.3126e-07 1.2878e-07 1.1973e-07 1.1117e-07 9.9253e-08 9.1575e-08 8.2852e-08 7.1095e-08 6.0137e-08 5.2375e-08 4.9091e-08 4.109e-08 3.4366e-08 2.8524e-08 2.1883e-08 1.8999e-08 1.9311e-08 1.6188e-08 0.0 0.0 0.0 
nan 0.0 0.0 0.0 0.0 0.0 0.0 0.0 0.0 0.0 0.0 1.6647e-08 1.9916e-08 2.2632e-08 2.71e-08 3.1008e-08 3.4284e-08 3.9313e-08 4.554e-08 5.0253e-08 5.9522e-08 6.7032e-08 7.286e-08 7.3333e-08 7.0049e-08 6.6926e-08 6.1561e-08 5.8439e-08 4.6121e-08 3.2759e-08 0.0 0.0 0.0 0.0 0.0 0.0 0.0 0.0 0.0 0.0 0.0 0.0 0.0 0.0 0.0 0.0 0.0 0.0 0.0 0.0 0.0 0.0 0.0 0.0 0.0 0.0 0.0 0.0 0.0 0.0 0.0 0.0 0.0 0.0 0.0 0.0 0.0 0.0 0.0 0.0 0.0 3.5448e-08 7.3018e-08 9.8673e-08 1.0826e-07 1.1681e-07 1.2504e-07 1.2831e-07 1.311e-07 1.2966e-07 1.2797e-07 1.2149e-07 1.0829e-07 9.6213e-08 8.7091e-08 7.7415e-08 7.1966e-08 6.1491e-08 5.1248e-08 4.7243e-08 3.8604e-08 3.3323e-08 2.6199e-08 2.0995e-08 1.8594e-08 1.7868e-08 1.6982e-08 0.0 0.0 0.0 
nan 0.0 0.0 0.0 0.0 0.0 0.0 0.0 0.0 0.0 0.0 1.7441e-08 2.0156e-08 2.3741e-08 2.7417e-08 3.1086e-08 3.5877e-08 4.2027e-08 4.538e-08 5.3206e-08 6.2552e-08 7.0545e-08 7.3576e-08 7.5808e-08 7.4361e-08 7.1638e-08 6.5074e-08 5.4992e-08 4.9312e-08 3.5557e-08 2.4354e-08 0.0 0.0 0.0 0.0 0.0 0.0 0.0 0.0 0.0 0.0 0.0 0.0 0.0 0.0 0.0 0.0 0.0 0.0 0.0 0.0 0.0 0.0 0.0 0.0 0.0 0.0 0.0 0.0 0.0 0.0 0.0 0.0 0.0 0.0 0.0 0.0 0.0 0.0 0.0 0.0 2.9927e-08 5.7664e-08 7.4369e-08 9.2987e-08 1.1273e-07 1.22e-07 1.2559e-07 1.2838e-07 1.2998e-07 1.2517e-07 1.1669e-07 1.0437e-07 9.285e-08 8.1808e-08 7.7087e-08 7.1967e-08 6.2208e-08 4.9329e-08 4.2682e-08 3.4681e-08 3.0276e-08 2.4196e-08 1.9237e-08 1.7152e-08 1.6581e-08 0.0 0.0 0.0 0.0 
nan 0.0 0.0 0.0 0.0 0.0 0.0 0.0 0.0 0.0 0.0 1.719e-08 1.9584e-08 2.1977e-08 2.6845e-08 3.0836e-08 3.5472e-08 4.0739e-08 4.4731e-08 5.3117e-08 6.4222e-08 7.0217e-08 7.4202e-08 7.7955e-08 7.8267e-08 7.6427e-08 7.0585e-08 6.482e-08 5.8334e-08 4.8574e-08 3.6257e-08 2.1619e-08 0.0 0.0 0.0 0.0 0.0 0.0 0.0 0.0 0.0 0.0 0.0 0.0 0.0 0.0 0.0 0.0 0.0 0.0 0.0 0.0 0.0 0.0 0.0 0.0 0.0 0.0 0.0 0.0 0.0 0.0 0.0 0.0 0.0 0.0 0.0 0.0 0.0 0.0 0.0 1.9689e-08 4.2947e-08 7.0523e-08 8.9303e-08 1.0984e-07 1.2135e-07 1.2246e-07 1.2397e-07 1.2317e-07 1.1805e-07 1.0996e-07 9.7082e-08 8.7484e-08 7.9245e-08 7.4118e-08 6.796e-08 5.436e-08 4.4762e-08 3.9158e-08 3.1634e-08 2.6192e-08 2.131e-08 1.7228e-08 1.6264e-08 1.5293e-08 0.0 0.0 0.0 0.0 
nan 0.0 0.0 0.0 0.0 0.0 0.0 0.0 0.0 0.0 0.0 1.5909e-08 1.838e-08 2.2771e-08 2.8045e-08 3.1553e-08 3.5782e-08 4.1778e-08 4.5363e-08 5.3034e-08 6.3025e-08 6.9729e-08 7.6362e-08 7.987e-08 8.2341e-08 8.0101e-08 7.6418e-08 7.153e-08 6.6409e-08 5.8087e-08 4.553e-08 2.9855e-08 0.0 0.0 0.0 0.0 0.0 0.0 0.0 0.0 0.0 0.0 0.0 0.0 0.0 0.0 0.0 0.0 0.0 0.0 0.0 0.0 0.0 0.0 0.0 0.0 0.0 0.0 0.0 0.0 0.0 0.0 0.0 0.0 0.0 0.0 0.0 0.0 0.0 0.0 0.0 2.288e-08 4.6061e-08 6.9319e-08 8.8421e-08 1.0744e-07 1.1927e-07 1.2046e-07 1.1822e-07 1.1725e-07 1.1252e-07 1.0588e-07 9.2044e-08 8.0925e-08 7.4523e-08 6.5323e-08 5.9482e-08 4.8762e-08 4.1399e-08 3.4758e-08 2.6036e-08 2.3474e-08 1.8109e-08 1.7383e-08 1.506e-08 1.505e-08 0.0 0.0 0.0 0.0 
nan 0.0 0.0 0.0 0.0 0.0 0.0 0.0 0.0 0.0 0.0 1.5588e-08 1.8375e-08 2.205e-08 2.6441e-08 3.0188e-08 3.4501e-08 4.1051e-08 4.5358e-08 5.223e-08 6.222e-08 6.8048e-08 7.5397e-08 8.1386e-08 8.4179e-08 8.3614e-08 7.9525e-08 7.2723e-08 6.8402e-08 6.1439e-08 4.8161e-08 3.5443e-08 1.9691e-08 0.0 0.0 0.0 0.0 0.0 0.0 0.0 0.0 0.0 0.0 0.0 0.0 0.0 0.0 0.0 0.0 0.0 0.0 0.0 0.0 0.0 0.0 0.0 0.0 0.0 0.0 0.0 0.0 0.0 0.0 0.0 0.0 0.0 0.0 0.0 0.0 0.0 0.0 2.5516e-08 4.6216e-08 6.4597e-08 8.9054e-08 1.0783e-07 1.159e-07 1.183e-07 1.1501e-07 1.1165e-07 1.0421e-07 9.772e-08 8.3566e-08 7.3645e-08 6.6604e-08 5.8765e-08 5.0204e-08 4.1804e-08 3.8597e-08 2.5558e-08 2.3472e-08 1.8191e-08 1.6267e-08 1.5219e-08 0.0 0.0 0.0 0.0 0.0 0.0 
nan 0.0 0.0 0.0 0.0 0.0 0.0 0.0 0.0 0.0 0.0 1.5738e-08 2.1173e-08 2.2921e-08 2.6997e-08 3.0988e-08 3.4973e-08 4.0569e-08 4.4637e-08 5.1986e-08 6.3169e-08 7.0041e-08 7.4992e-08 8.178e-08 8.561e-08 8.5606e-08 8.3038e-08 7.8156e-08 6.9995e-08 6.4552e-08 5.4232e-08 4.4633e-08 3.1993e-08 1.5042e-08 0.0 0.0 0.0 0.0 0.0 0.0 0.0 0.0 0.0 0.0 0.0 0.0 0.0 0.0 0.0 0.0 0.0 0.0 0.0 0.0 0.0 0.0 0.0 0.0 0.0 0.0 0.0 0.0 0.0 0.0 0.0 0.0 0.0 0.0 0.0 0.0 0.0 2.6387e-08 4.4452e-08 6.4914e-08 9.1684e-08 1.0575e-07 1.0966e-07 1.1165e-07 1.0821e-07 1.0269e-07 9.8685e-08 8.9963e-08 7.7883e-08 6.5327e-08 6.156e-08 5.124e-08 4.3001e-08 3.6199e-08 3.0279e-08 2.3316e-08 1.9388e-08 1.6266e-08 0.0 0.0 0.0 0.0 0.0 0.0 0.0 0.0 
nan 0.0 0.0 0.0 0.0 0.0 0.0 0.0 0.0 0.0 1.5659e-08 2.1564e-08 2.7959e-08 2.811e-08 2.7062e-08 3.0177e-08 3.3924e-08 3.8721e-08 4.3666e-08 5.3334e-08 6.3402e-08 6.8914e-08 7.9059e-08 8.2168e-08 8.6642e-08 8.6632e-08 8.4392e-08 7.8228e-08 7.2863e-08 6.7505e-08 5.9981e-08 4.8063e-08 3.5745e-08 2.1423e-08 0.0 0.0 0.0 0.0 0.0 0.0 0.0 0.0 0.0 0.0 0.0 0.0 0.0 0.0 0.0 0.0 0.0 0.0 0.0 0.0 0.0 0.0 0.0 0.0 0.0 0.0 0.0 0.0 0.0 0.0 0.0 0.0 0.0 0.0 0.0 0.0 0.0 2.4939e-08 4.2443e-08 6.9458e-08 8.6962e-08 9.6231e-08 9.99e-08 1.0189e-07 9.5569e-08 9.1247e-08 8.652e-08 7.3964e-08 6.3322e-08 5.94e-08 5.2682e-08 4.0757e-08 3.4676e-08 2.7958e-08 2.2033e-08 1.8188e-08 1.6026e-08 0.0 0.0 0.0 0.0 0.0 0.0 0.0 0.0 0.0 
nan 0.0 0.0 0.0 0.0 0.0 0.0 0.0 0.0 0.0 1.664e-08 2.0714e-08 2.4351e-08 2.637e-08 2.7848e-08 3.0226e-08 3.3569e-08 3.8477e-08 4.3022e-08 5.2691e-08 6.292e-08 7.2105e-08 8.3294e-08 8.5926e-08 8.7359e-08 8.9907e-08 8.8543e-08 8.3823e-08 8.1254e-08 7.7011e-08 6.765e-08 5.7974e-08 4.4613e-08 2.9337e-08 0.0 0.0 0.0 0.0 0.0 0.0 0.0 0.0 0.0 0.0 0.0 0.0 0.0 0.0 0.0 0.0 0.0 0.0 0.0 0.0 0.0 0.0 0.0 0.0 0.0 0.0 0.0 0.0 0.0 0.0 0.0 0.0 0.0 0.0 0.0 0.0 0.0 2.3658e-08 4.8514e-08 7.2571e-08 8.3677e-08 8.7514e-08 8.934e-08 8.9175e-08 8.5492e-08 8.2369e-08 7.3808e-08 6.6207e-08 5.6686e-08 5.172e-08 4.3159e-08 3.3161e-08 2.7319e-08 2.0755e-08 1.907e-08 0.0 0.0 0.0 0.0 0.0 0.0 0.0 0.0 0.0 0.0 0.0 
nan nan 0.0 0.0 0.0 0.0 0.0 0.0 0.0 0.0 1.6538e-08 1.9853e-08 2.2881e-08 2.5443e-08 2.7894e-08 3.0821e-08 3.4533e-08 3.7827e-08 4.3662e-08 5.2286e-08 6.2438e-08 7.5218e-08 8.4011e-08 8.824e-08 8.823e-08 9.0546e-08 8.9659e-08 8.8296e-08 8.4529e-08 7.9969e-08 7.3245e-08 6.2203e-08 5.1483e-08 3.3333e-08 2.0532e-08 0.0 0.0 0.0 0.0 0.0 0.0 0.0 0.0 0.0 0.0 0.0 0.0 0.0 0.0 0.0 0.0 0.0 0.0 0.0 0.0 0.0 0.0 0.0 0.0 0.0 0.0 0.0 0.0 0.0 0.0 0.0 0.0 0.0 0.0 0.0 0.0 2.7648e-08 4.7233e-08 6.1457e-08 7.1841e-08 7.7752e-08 7.7504e-08 7.3904e-08 7.2457e-08 6.7176e-08 5.9729e-08 5.3327e-08 4.9167e-08 3.9568e-08 3.0285e-08 2.5242e-08 1.788e-08 0.0 0.0 0.0 0.0 0.0 0.0 0.0 0.0 0.0 0.0 0.0 0.0 nan 
nan nan 0.0 0.0 0.0 0.0 0.0 0.0 0.0 0.0 1.5965e-08 1.9118e-08 2.2091e-08 2.4939e-08 2.7889e-08 3.1242e-08 3.514e-08 3.942e-08 4.4211e-08 5.2204e-08 6.155e-08 7.5697e-08 8.1524e-08 8.5432e-08 8.615e-08 8.9342e-08 9.2129e-08 8.9489e-08 8.5961e-08 8.3715e-08 7.8272e-08 6.9634e-08 5.7238e-08 4.4676e-08 2.9877e-08 0.0 0.0 0.0 0.0 0.0 0.0 0.0 0.0 0.0 0.0 0.0 0.0 0.0 0.0 0.0 0.0 0.0 0.0 0.0 0.0 0.0 0.0 0.0 0.0 0.0 0.0 0.0 0.0 0.0 0.0 0.0 0.0 0.0 0.0 0.0 0.0 2.8602e-08 4.1151e-08 5.1857e-08 5.7685e-08 6.0716e-08 6.1112e-08 5.9027e-08 5.5582e-08 5.3974e-08 5.0529e-08 4.5969e-08 4.0127e-08 2.9169e-08 2.3643e-08 1.764e-08 0.0 0.0 0.0 0.0 0.0 0.0 0.0 0.0 0.0 0.0 0.0 0.0 0.0 nan 
nan nan 0.0 0.0 0.0 0.0 0.0 0.0 0.0 0.0 1.5438e-08 1.8506e-08 2.1497e-08 2.4508e-08 2.7699e-08 3.1205e-08 3.5004e-08 3.8777e-08 4.389e-08 5.4357e-08 6.2343e-08 7.073e-08 7.9522e-08 8.399e-08 8.59e-08 8.8055e-08 9.2207e-08 9.0438e-08 8.8514e-08 8.4669e-08 8.0664e-08 7.6343e-08 6.4901e-08 5.2583e-08 3.7147e-08 1.9551e-08 0.0 0.0 0.0 0.0 0.0 0.0 0.0 0.0 0.0 0.0 0.0 0.0 0.0 0.0 0.0 0.0 0.0 0.0 0.0 0.0 0.0 0.0 0.0 0.0 0.0 0.0 0.0 0.0 0.0 0.0 0.0 0.0 0.0 0.0 0.0 2.3803e-08 3.275e-08 3.7456e-08 4.3291e-08 4.3925e-08 4.4952e-08 4.1913e-08 4.294e-08 4.0301e-08 3.4698e-08 3.0853e-08 2.5089e-08 2.1644e-08 0.0 0.0 0.0 0.0 0.0 0.0 0.0 0.0 0.0 0.0 0.0 0.0 0.0 0.0 0.0 nan 
nan nan 0.0 0.0 0.0 0.0 0.0 0.0 0.0 0.0 1.5072e-08 1.7984e-08 2.0917e-08 2.3956e-08 2.721e-08 3.0703e-08 3.4273e-08 3.7657e-08 4.2125e-08 5.0756e-08 6.1378e-08 7.2329e-08 7.5276e-08 7.9912e-08 8.3903e-08 8.6535e-08 8.9566e-08 9.1238e-08 9.059e-08 8.8266e-08 8.2025e-08 7.762e-08 6.9381e-08 5.522e-08 3.8424e-08 1.9714e-08 0.0 0.0 0.0 0.0 0.0 0.0 0.0 0.0 0.0 0.0 0.0 0.0 0.0 0.0 0.0 0.0 0.0 0.0 0.0 0.0 0.0 0.0 0.0 0.0 0.0 0.0 0.0 0.0 0.0 0.0 0.0 0.0 0.0 0.0 0.0 0.0 2.0037e-08 2.1709e-08 2.7775e-08 2.8248e-08 2.7362e-08 2.9516e-08 2.671e-08 2.5668e-08 2.2539e-08 1.8618e-08 0.0 0.0 0.0 0.0 0.0 0.0 0.0 0.0 0.0 0.0 0.0 0.0 0.0 0.0 0.0 0.0 0.0 nan 
nan nan 0.0 0.0 0.0 0.0 0.0 0.0 0.0 0.0 0.0 1.7468e-08 2.0249e-08 2.3193e-08 2.6397e-08 2.9845e-08 3.3195e-08 3.5487e-08 4.0676e-08 5.0905e-08 6.2172e-08 7.5436e-08 7.7191e-08 7.7825e-08 8.1417e-08 8.5808e-08 8.7396e-08 9.035e-08 9.09e-08 8.8577e-08 8.4971e-08 8.065e-08 6.857e-08 5.4577e-08 3.6582e-08 1.8104e-08 0.0 0.0 0.0 0.0 0.0 0.0 0.0 0.0 0.0 0.0 0.0 0.0 0.0 0.0 0.0 0.0 0.0 0.0 0.0 0.0 0.0 0.0 0.0 0.0 0.0 0.0 0.0 0.0 0.0 0.0 0.0 0.0 0.0 0.0 0.0 0.0 0.0 0.0 1.5217e-08 1.7288e-08 1.664e-08 1.7197e-08 1.6388e-08 0.0 0.0 0.0 0.0 0.0 0.0 0.0 0.0 0.0 0.0 0.0 0.0 0.0 0.0 0.0 0.0 0.0 0.0 0.0 0.0 nan 
nan nan nan 0.0 0.0 0.0 0.0 0.0 0.0 0.0 0.0 1.6854e-08 1.9428e-08 2.2186e-08 2.5261e-08 2.8711e-08 3.2275e-08 3.5004e-08 3.8919e-08 4.9225e-08 5.9615e-08 7.1996e-08 7.4866e-08 7.7021e-08 7.9176e-08 8.2046e-08 8.4278e-08 8.7471e-08 8.8904e-08 8.6973e-08 8.3374e-08 7.8247e-08 6.7689e-08 5.289e-08 3.8897e-08 2.442e-08 0.0 0.0 0.0 0.0 0.0 0.0 0.0 0.0 0.0 0.0 0.0 0.0 0.0 0.0 0.0 0.0 0.0 0.0 0.0 0.0 0.0 0.0 0.0 0.0 0.0 0.0 0.0 0.0 0.0 0.0 0.0 0.0 0.0 0.0 0.0 0.0 0.0 0.0 0.0 0.0 0.0 0.0 0.0 0.0 0.0 0.0 0.0 0.0 0.0 0.0 0.0 0.0 0.0 0.0 0.0 0.0 0.0 0.0 0.0 0.0 0.0 0.0 nan nan 
nan nan nan 0.0 0.0 0.0 0.0 0.0 0.0 0.0 0.0 1.605e-08 1.846e-08 2.0969e-08 2.3835e-08 2.7222e-08 3.1216e-08 3.5399e-08 3.939e-08 4.9858e-08 5.9764e-08 6.1359e-08 7.0544e-08 7.3897e-08 7.9248e-08 8.2118e-08 8.0194e-08 8.338e-08 8.5857e-08 8.4571e-08 8.3047e-08 7.6e-08 6.7123e-08 5.8078e-08 4.3763e-08 3.2244e-08 1.7606e-08 0.0 0.0 0.0 0.0 0.0 0.0 0.0 0.0 0.0 0.0 0.0 0.0 0.0 0.0 0.0 0.0 0.0 0.0 0.0 0.0 0.0 0.0 0.0 0.0 0.0 0.0 0.0 0.0 0.0 0.0 0.0 0.0 0.0 0.0 0.0 0.0 0.0 0.0 0.0 0.0 0.0 0.0 0.0 0.0 0.0 0.0 0.0 0.0 0.0 0.0 0.0 0.0 0.0 0.0 0.0 0.0 0.0 0.0 0.0 0.0 0.0 nan nan 
nan nan nan 0.0 0.0 0.0 0.0 0.0 0.0 0.0 0.0 1.5105e-08 1.7552e-08 1.9604e-08 2.2325e-08 2.5606e-08 2.9296e-08 3.3312e-08 3.8186e-08 4.9131e-08 5.7362e-08 6.0232e-08 6.5822e-08 7.3254e-08 7.6601e-08 7.9316e-08 8.1864e-08 7.9863e-08 7.9775e-08 8.1447e-08 7.9439e-08 7.1439e-08 6.5996e-08 5.9916e-08 4.9673e-08 3.8154e-08 2.5121e-08 0.0 0.0 0.0 0.0 0.0 0.0 0.0 0.0 0.0 0.0 0.0 0.0 0.0 0.0 0.0 0.0 0.0 0.0 0.0 0.0 0.0 0.0 0.0 0.0 0.0 0.0 0.0 0.0 0.0 0.0 0.0 0.0 0.0 0.0 0.0 0.0 0.0 0.0 0.0 0.0 0.0 0.0 0.0 0.0 0.0 0.0 0.0 0.0 0.0 0.0 0.0 0.0 0.0 0.0 0.0 0.0 0.0 0.0 0.0 0.0 0.0 nan nan 
nan nan nan nan 0.0 0.0 0.0 0.0 0.0 0.0 0.0 0.0 1.7513e-08 1.7664e-08 2.1017e-08 2.5324e-08 2.8839e-08 3.2431e-08 3.6261e-08 4.321e-08 5.5514e-08 5.8545e-08 6.2459e-08 6.8525e-08 7.2839e-08 7.6109e-08 7.8824e-08 7.7454e-08 7.6168e-08 7.6403e-08 7.4878e-08 6.8875e-08 6.2956e-08 5.6869e-08 4.9751e-08 4.255e-08 3.1746e-08 1.8629e-08 0.0 0.0 0.0 0.0 0.0 0.0 0.0 0.0 0.0 0.0 0.0 0.0 0.0 0.0 0.0 0.0 0.0 0.0 0.0 0.0 0.0 0.0 0.0 0.0 0.0 0.0 0.0 0.0 0.0 0.0 0.0 0.0 0.0 0.0 0.0 0.0 0.0 0.0 0.0 0.0 0.0 0.0 0.0 0.0 0.0 0.0 0.0 0.0 0.0 0.0 0.0 0.0 0.0 0.0 0.0 0.0 0.0 0.0 0.0 nan nan nan 
nan nan nan nan 0.0 0.0 0.0 0.0 0.0 0.0 0.0 0.0 1.5665e-08 1.6937e-08 2.2533e-08 2.6917e-08 2.7396e-08 3.0183e-08 3.4973e-08 4.1284e-08 5.199e-08 5.6304e-08 6.0856e-08 6.5324e-08 6.9876e-08 7.2347e-08 7.3702e-08 7.5774e-08 7.1846e-08 6.9921e-08 6.7997e-08 6.4392e-08 5.7828e-08 5.2547e-08 4.6067e-08 4.0541e-08 2.9505e-08 1.9262e-08 0.0 0.0 0.0 0.0 0.0 0.0 0.0 0.0 0.0 0.0 0.0 0.0 0.0 0.0 0.0 0.0 0.0 0.0 0.0 0.0 0.0 0.0 0.0 0.0 0.0 0.0 0.0 0.0 0.0 0.0 0.0 0.0 0.0 0.0 0.0 0.0 0.0 0.0 0.0 0.0 0.0 0.0 0.0 0.0 0.0 0.0 0.0 0.0 0.0 0.0 0.0 0.0 0.0 0.0 0.0 0.0 0.0 0.0 0.0 nan nan nan 
nan nan nan nan nan 0.0 0.0 0.0 0.0 0.0 0.0 0.0 0.0 1.5817e-08 2.0768e-08 2.3e-08 2.6592e-08 2.8586e-08 3.2732e-08 3.6723e-08 4.8074e-08 5.414e-08 5.7171e-08 6.0763e-08 6.5476e-08 6.7386e-08 6.8497e-08 6.9776e-08 6.673e-08 6.5122e-08 6.1039e-08 5.7195e-08 5.319e-08 4.863e-08 4.1345e-08 3.5587e-08 2.7502e-08 1.8065e-08 0.0 0.0 0.0 0.0 0.0 0.0 0.0 0.0 0.0 0.0 0.0 0.0 0.0 0.0 0.0 0.0 0.0 0.0 0.0 0.0 0.0 0.0 0.0 0.0 0.0 0.0 0.0 0.0 0.0 0.0 0.0 0.0 0.0 0.0 0.0 0.0 0.0 0.0 0.0 0.0 0.0 0.0 0.0 0.0 0.0 0.0 0.0 0.0 0.0 0.0 0.0 0.0 0.0 0.0 0.0 0.0 0.0 0.0 nan nan nan nan 
nan nan nan nan nan 0.0 0.0 0.0 0.0 0.0 0.0 0.0 0.0 1.6288e-08 1.9081e-08 2.1391e-08 2.4583e-08 2.8413e-08 3.0645e-08 3.5358e-08 4.2546e-08 4.9495e-08 5.4124e-08 5.588e-08 6.0271e-08 6.0982e-08 6.4812e-08 6.3687e-08 6.1841e-08 5.8802e-08 5.4397e-08 5.0553e-08 4.7346e-08 4.5583e-08 3.5901e-08 3.1019e-08 2.5416e-08 0.0 0.0 0.0 0.0 0.0 0.0 0.0 0.0 0.0 0.0 0.0 0.0 0.0 0.0 0.0 0.0 0.0 0.0 0.0 0.0 0.0 0.0 0.0 0.0 0.0 0.0 0.0 0.0 0.0 0.0 0.0 0.0 0.0 0.0 0.0 0.0 0.0 0.0 0.0 0.0 0.0 0.0 0.0 0.0 0.0 0.0 0.0 0.0 0.0 0.0 0.0 0.0 0.0 0.0 0.0 0.0 0.0 0.0 0.0 nan nan nan nan 
nan nan nan nan nan nan 0.0 0.0 0.0 0.0 0.0 0.0 0.0 0.0 1.6756e-08 1.8827e-08 2.066e-08 2.4413e-08 2.7367e-08 3.2634e-08 3.631e-08 4.5095e-08 4.8449e-08 4.9721e-08 5.5471e-08 5.5461e-08 5.6095e-08 5.5292e-08 5.3046e-08 4.9041e-08 4.7278e-08 4.2712e-08 3.8545e-08 3.6061e-08 2.9742e-08 2.3816e-08 1.6138e-08 0.0 0.0 0.0 0.0 0.0 0.0 0.0 0.0 0.0 0.0 0.0 0.0 0.0 0.0 0.0 0.0 0.0 0.0 0.0 0.0 0.0 0.0 0.0 0.0 0.0 0.0 0.0 0.0 0.0 0.0 0.0 0.0 0.0 0.0 0.0 0.0 0.0 0.0 0.0 0.0 0.0 0.0 0.0 0.0 0.0 0.0 0.0 0.0 0.0 0.0 0.0 0.0 0.0 0.0 0.0 0.0 0.0 0.0 nan nan nan nan nan 
nan nan nan nan nan nan 0.0 0.0 0.0 0.0 0.0 0.0 0.0 0.0 1.5159e-08 1.8029e-08 1.818e-08 2.0735e-08 2.7123e-08 2.9117e-08 3.3263e-08 3.8537e-08 4.1806e-08 4.5398e-08 4.8429e-08 4.8103e-08 4.8261e-08 4.8173e-08 4.6249e-08 4.3442e-08 4.032e-08 3.7036e-08 3.2708e-08 2.6467e-08 2.1585e-08 1.6059e-08 0.0 0.0 0.0 0.0 0.0 0.0 0.0 0.0 0.0 0.0 0.0 0.0 0.0 0.0 0.0 0.0 0.0 0.0 0.0 0.0 0.0 0.0 0.0 0.0 0.0 0.0 0.0 0.0 0.0 0.0 0.0 0.0 0.0 0.0 0.0 0.0 0.0 0.0 0.0 0.0 0.0 0.0 0.0 0.0 0.0 0.0 0.0 0.0 0.0 0.0 0.0 0.0 0.0 0.0 0.0 0.0 0.0 0.0 0.0 nan nan nan nan nan 
nan nan nan nan nan nan nan 0.0 0.0 0.0 0.0 0.0 0.0 0.0 0.0 0.0 1.6893e-08 1.9209e-08 2.32e-08 2.5432e-08 2.9585e-08 3.1334e-08 3.5563e-08 3.7718e-08 4.1626e-08 4.1461e-08 4.1373e-08 3.9688e-08 3.9607e-08 3.5917e-08 3.3432e-08 3.0471e-08 2.519e-08 2.1184e-08 1.5342e-08 0.0 0.0 0.0 0.0 0.0 0.0 0.0 0.0 0.0 0.0 0.0 0.0 0.0 0.0 0.0 0.0 0.0 0.0 0.0 0.0 0.0 0.0 0.0 0.0 0.0 0.0 0.0 0.0 0.0 0.0 0.0 0.0 0.0 0.0 0.0 0.0 0.0 0.0 0.0 0.0 0.0 0.0 0.0 0.0 0.0 0.0 0.0 0.0 0.0 0.0 0.0 0.0 0.0 0.0 0.0 0.0 0.0 0.0 0.0 nan nan nan nan nan nan 
nan nan nan nan nan nan nan 0.0 0.0 0.0 0.0 0.0 0.0 0.0 0.0 0.0 1.6488e-08 1.776e-08 2.3195e-08 2.5582e-08 2.55e-08 2.453e-08 2.9565e-08 3.0915e-08 3.307e-08 3.5618e-08 3.4815e-08 3.5127e-08 3.2404e-08 3.0235e-08 2.639e-08 2.399e-08 1.7987e-08 0.0 0.0 0.0 0.0 0.0 0.0 0.0 0.0 0.0 0.0 0.0 0.0 0.0 0.0 0.0 0.0 0.0 0.0 0.0 0.0 0.0 0.0 0.0 0.0 0.0 0.0 0.0 0.0 0.0 0.0 0.0 0.0 0.0 0.0 0.0 0.0 0.0 0.0 0.0 0.0 0.0 0.0 0.0 0.0 0.0 0.0 0.0 0.0 0.0 0.0 0.0 0.0 0.0 0.0 0.0 0.0 0.0 0.0 0.0 0.0 0.0 nan nan nan nan nan nan 
nan nan nan nan nan nan nan nan 0.0 0.0 0.0 0.0 0.0 0.0 0.0 0.0 0.0 0.0 1.7596e-08 2.2625e-08 2.1738e-08 2.0214e-08 2.2124e-08 2.4917e-08 2.4913e-08 2.4825e-08 2.7779e-08 2.6255e-08 2.5284e-08 2.1202e-08 1.8955e-08 0.0 0.0 0.0 0.0 0.0 0.0 0.0 0.0 0.0 0.0 0.0 0.0 0.0 0.0 0.0 0.0 0.0 0.0 0.0 0.0 0.0 0.0 0.0 0.0 0.0 0.0 0.0 0.0 0.0 0.0 0.0 0.0 0.0 0.0 0.0 0.0 0.0 0.0 0.0 0.0 0.0 0.0 0.0 0.0 0.0 0.0 0.0 0.0 0.0 0.0 0.0 0.0 0.0 0.0 0.0 0.0 0.0 0.0 0.0 0.0 0.0 0.0 nan nan nan nan nan nan nan 
nan nan nan nan nan nan nan nan 0.0 0.0 0.0 0.0 0.0 0.0 0.0 0.0 0.0 0.0 0.0 1.6221e-08 1.5335e-08 1.9004e-08 1.8761e-08 2.2115e-08 2.0346e-08 1.9221e-08 1.9455e-08 1.9445e-08 0.0 0.0 0.0 0.0 0.0 0.0 0.0 0.0 0.0 0.0 0.0 0.0 0.0 0.0 0.0 0.0 0.0 0.0 0.0 0.0 0.0 0.0 0.0 0.0 0.0 0.0 0.0 0.0 0.0 0.0 0.0 0.0 0.0 0.0 0.0 0.0 0.0 0.0 0.0 0.0 0.0 0.0 0.0 0.0 0.0 0.0 0.0 0.0 0.0 0.0 0.0 0.0 0.0 0.0 0.0 0.0 0.0 0.0 0.0 0.0 0.0 0.0 0.0 0.0 0.0 nan nan nan nan nan nan nan 
nan nan nan nan nan nan nan nan nan 0.0 0.0 0.0 0.0 0.0 0.0 0.0 0.0 0.0 0.0 0.0 0.0 0.0 0.0 0.0 0.0 0.0 0.0 0.0 0.0 0.0 0.0 0.0 0.0 0.0 0.0 0.0 0.0 0.0 0.0 0.0 0.0 0.0 0.0 0.0 0.0 0.0 0.0 0.0 0.0 0.0 0.0 0.0 0.0 0.0 0.0 0.0 0.0 0.0 0.0 0.0 0.0 0.0 0.0 0.0 0.0 0.0 0.0 0.0 0.0 0.0 0.0 0.0 0.0 0.0 0.0 0.0 0.0 0.0 0.0 0.0 0.0 0.0 0.0 0.0 0.0 0.0 0.0 0.0 0.0 0.0 0.0 0.0 nan nan nan nan nan nan nan nan 
nan nan nan nan nan nan nan nan nan nan 0.0 0.0 0.0 0.0 0.0 0.0 0.0 0.0 0.0 0.0 0.0 0.0 0.0 0.0 0.0 0.0 0.0 0.0 0.0 0.0 0.0 0.0 0.0 0.0 0.0 0.0 0.0 0.0 0.0 0.0 0.0 0.0 0.0 0.0 0.0 0.0 0.0 0.0 0.0 0.0 0.0 0.0 0.0 0.0 0.0 0.0 0.0 0.0 0.0 0.0 0.0 0.0 0.0 0.0 0.0 0.0 0.0 0.0 0.0 0.0 0.0 0.0 0.0 0.0 0.0 0.0 0.0 0.0 0.0 0.0 0.0 0.0 0.0 0.0 0.0 0.0 0.0 0.0 0.0 0.0 0.0 nan nan nan nan nan nan nan nan nan 
nan nan nan nan nan nan nan nan nan nan 0.0 0.0 0.0 0.0 0.0 0.0 0.0 0.0 0.0 0.0 0.0 0.0 0.0 0.0 0.0 0.0 0.0 0.0 0.0 0.0 0.0 0.0 0.0 0.0 0.0 0.0 0.0 0.0 0.0 0.0 0.0 0.0 0.0 0.0 0.0 0.0 0.0 0.0 0.0 0.0 0.0 0.0 0.0 0.0 0.0 0.0 0.0 0.0 0.0 0.0 0.0 0.0 0.0 0.0 0.0 0.0 0.0 0.0 0.0 0.0 0.0 0.0 0.0 0.0 0.0 0.0 0.0 0.0 0.0 0.0 0.0 0.0 0.0 0.0 0.0 0.0 0.0 0.0 0.0 0.0 0.0 nan nan nan nan nan nan nan nan nan 
nan nan nan nan nan nan nan nan nan nan nan 0.0 0.0 0.0 0.0 0.0 0.0 0.0 0.0 0.0 0.0 0.0 0.0 0.0 0.0 0.0 0.0 0.0 0.0 0.0 0.0 0.0 0.0 0.0 0.0 0.0 0.0 0.0 0.0 0.0 0.0 0.0 0.0 0.0 0.0 0.0 0.0 0.0 0.0 0.0 0.0 0.0 0.0 0.0 0.0 0.0 0.0 0.0 0.0 0.0 0.0 0.0 0.0 0.0 0.0 0.0 0.0 0.0 0.0 0.0 0.0 0.0 0.0 0.0 0.0 0.0 0.0 0.0 0.0 0.0 0.0 0.0 0.0 0.0 0.0 0.0 0.0 0.0 0.0 0.0 nan nan nan nan nan nan nan nan nan nan 
nan nan nan nan nan nan nan nan nan nan nan nan 0.0 0.0 0.0 0.0 0.0 0.0 0.0 0.0 0.0 0.0 0.0 0.0 0.0 0.0 0.0 0.0 0.0 0.0 0.0 0.0 0.0 0.0 0.0 0.0 0.0 0.0 0.0 0.0 0.0 0.0 0.0 0.0 0.0 0.0 0.0 0.0 0.0 0.0 0.0 0.0 0.0 0.0 0.0 0.0 0.0 0.0 0.0 0.0 0.0 0.0 0.0 0.0 0.0 0.0 0.0 0.0 0.0 0.0 0.0 0.0 0.0 0.0 0.0 0.0 0.0 0.0 0.0 0.0 0.0 0.0 0.0 0.0 0.0 0.0 0.0 0.0 0.0 nan nan nan nan nan nan nan nan nan nan nan 
nan nan nan nan nan nan nan nan nan nan nan nan nan 0.0 0.0 0.0 0.0 0.0 0.0 0.0 0.0 0.0 0.0 0.0 0.0 0.0 0.0 0.0 0.0 0.0 0.0 0.0 0.0 0.0 0.0 0.0 0.0 0.0 0.0 0.0 0.0 0.0 0.0 0.0 0.0 0.0 0.0 0.0 0.0 0.0 0.0 0.0 0.0 0.0 0.0 0.0 0.0 0.0 0.0 0.0 0.0 0.0 0.0 0.0 0.0 0.0 0.0 0.0 0.0 0.0 0.0 0.0 0.0 0.0 0.0 0.0 0.0 0.0 0.0 0.0 0.0 0.0 0.0 0.0 0.0 0.0 0.0 0.0 nan nan nan nan nan nan nan nan nan nan nan nan 
nan nan nan nan nan nan nan nan nan nan nan nan nan nan 0.0 0.0 0.0 0.0 0.0 0.0 0.0 0.0 0.0 0.0 0.0 0.0 0.0 0.0 0.0 0.0 0.0 0.0 0.0 0.0 0.0 0.0 0.0 0.0 0.0 0.0 0.0 0.0 0.0 0.0 0.0 0.0 0.0 0.0 0.0 0.0 0.0 0.0 0.0 0.0 0.0 0.0 0.0 0.0 0.0 0.0 0.0 0.0 0.0 0.0 0.0 0.0 0.0 0.0 0.0 0.0 0.0 0.0 0.0 0.0 0.0 0.0 0.0 0.0 0.0 0.0 0.0 0.0 0.0 0.0 0.0 0.0 0.0 nan nan nan nan nan nan nan nan nan nan nan nan nan 
nan nan nan nan nan nan nan nan nan nan nan nan nan nan nan 0.0 0.0 0.0 0.0 0.0 0.0 0.0 0.0 0.0 0.0 0.0 0.0 0.0 0.0 0.0 0.0 0.0 0.0 0.0 0.0 0.0 0.0 0.0 0.0 0.0 0.0 0.0 0.0 0.0 0.0 0.0 0.0 0.0 0.0 0.0 0.0 0.0 0.0 0.0 0.0 0.0 0.0 0.0 0.0 0.0 0.0 0.0 0.0 0.0 0.0 0.0 0.0 0.0 0.0 0.0 0.0 0.0 0.0 0.0 0.0 0.0 0.0 0.0 0.0 0.0 0.0 0.0 0.0 0.0 0.0 0.0 nan nan nan nan nan nan nan nan nan nan nan nan nan nan 
nan nan nan nan nan nan nan nan nan nan nan nan nan nan nan nan 0.0 0.0 0.0 0.0 0.0 0.0 0.0 0.0 0.0 0.0 0.0 0.0 0.0 0.0 0.0 0.0 0.0 0.0 0.0 0.0 0.0 0.0 0.0 0.0 0.0 0.0 0.0 0.0 0.0 0.0 0.0 0.0 0.0 0.0 0.0 0.0 0.0 0.0 0.0 0.0 0.0 0.0 0.0 0.0 0.0 0.0 0.0 0.0 0.0 0.0 0.0 0.0 0.0 0.0 0.0 0.0 0.0 0.0 0.0 0.0 0.0 0.0 0.0 0.0 0.0 0.0 0.0 0.0 0.0 nan nan nan nan nan nan nan nan nan nan nan nan nan nan nan 
nan nan nan nan nan nan nan nan nan nan nan nan nan nan nan nan nan 0.0 0.0 0.0 0.0 0.0 0.0 0.0 0.0 0.0 0.0 0.0 0.0 0.0 0.0 0.0 0.0 0.0 0.0 0.0 0.0 0.0 0.0 0.0 0.0 0.0 0.0 0.0 0.0 0.0 0.0 0.0 0.0 0.0 0.0 0.0 0.0 0.0 0.0 0.0 0.0 0.0 0.0 0.0 0.0 0.0 0.0 0.0 0.0 0.0 0.0 0.0 0.0 0.0 0.0 0.0 0.0 0.0 0.0 0.0 0.0 0.0 0.0 0.0 0.0 0.0 0.0 0.0 nan nan nan nan nan nan nan nan nan nan nan nan nan nan nan nan 
nan nan nan nan nan nan nan nan nan nan nan nan nan nan nan nan nan nan 0.0 0.0 0.0 0.0 0.0 0.0 0.0 0.0 0.0 0.0 0.0 0.0 0.0 0.0 0.0 0.0 0.0 0.0 0.0 0.0 0.0 0.0 0.0 0.0 0.0 0.0 0.0 0.0 0.0 0.0 0.0 0.0 0.0 0.0 0.0 0.0 0.0 0.0 0.0 0.0 0.0 0.0 0.0 0.0 0.0 0.0 0.0 0.0 0.0 0.0 0.0 0.0 0.0 0.0 0.0 0.0 0.0 0.0 0.0 0.0 0.0 0.0 0.0 0.0 0.0 nan nan nan nan nan nan nan nan nan nan nan nan nan nan nan nan nan 
nan nan nan nan nan nan nan nan nan nan nan nan nan nan nan nan nan nan nan 0.0 0.0 0.0 0.0 0.0 0.0 0.0 0.0 0.0 0.0 0.0 0.0 0.0 0.0 0.0 0.0 0.0 0.0 0.0 0.0 0.0 0.0 0.0 0.0 0.0 0.0 0.0 0.0 0.0 0.0 0.0 0.0 0.0 0.0 0.0 0.0 0.0 0.0 0.0 0.0 0.0 0.0 0.0 0.0 0.0 0.0 0.0 0.0 0.0 0.0 0.0 0.0 0.0 0.0 0.0 0.0 0.0 0.0 0.0 0.0 0.0 0.0 0.0 nan nan nan nan nan nan nan nan nan nan nan nan nan nan nan nan nan nan 
nan nan nan nan nan nan nan nan nan nan nan nan nan nan nan nan nan nan nan nan 0.0 0.0 0.0 0.0 0.0 0.0 0.0 0.0 0.0 0.0 0.0 0.0 0.0 0.0 0.0 0.0 0.0 0.0 0.0 0.0 0.0 0.0 0.0 0.0 0.0 0.0 0.0 0.0 0.0 0.0 0.0 0.0 0.0 0.0 0.0 0.0 0.0 0.0 0.0 0.0 0.0 0.0 0.0 0.0 0.0 0.0 0.0 0.0 0.0 0.0 0.0 0.0 0.0 0.0 0.0 0.0 0.0 0.0 0.0 0.0 0.0 nan nan nan nan nan nan nan nan nan nan nan nan nan nan nan nan nan nan nan 
nan nan nan nan nan nan nan nan nan nan nan nan nan nan nan nan nan nan nan nan nan nan 0.0 0.0 0.0 0.0 0.0 0.0 0.0 0.0 0.0 0.0 0.0 0.0 0.0 0.0 0.0 0.0 0.0 0.0 0.0 0.0 0.0 0.0 0.0 0.0 0.0 0.0 0.0 0.0 0.0 0.0 0.0 0.0 0.0 0.0 0.0 0.0 0.0 0.0 0.0 0.0 0.0 0.0 0.0 0.0 0.0 0.0 0.0 0.0 0.0 0.0 0.0 0.0 0.0 0.0 0.0 0.0 0.0 nan nan nan nan nan nan nan nan nan nan nan nan nan nan nan nan nan nan nan nan nan 
nan nan nan nan nan nan nan nan nan nan nan nan nan nan nan nan nan nan nan nan nan nan nan 0.0 0.0 0.0 0.0 0.0 0.0 0.0 0.0 0.0 0.0 0.0 0.0 0.0 0.0 0.0 0.0 0.0 0.0 0.0 0.0 0.0 0.0 0.0 0.0 0.0 0.0 0.0 0.0 0.0 0.0 0.0 0.0 0.0 0.0 0.0 0.0 0.0 0.0 0.0 0.0 0.0 0.0 0.0 0.0 0.0 0.0 0.0 0.0 0.0 0.0 0.0 0.0 0.0 0.0 0.0 nan nan nan nan nan nan nan nan nan nan nan nan nan nan nan nan nan nan nan nan nan nan 
nan nan nan nan nan nan nan nan nan nan nan nan nan nan nan nan nan nan nan nan nan nan nan nan nan 0.0 0.0 0.0 0.0 0.0 0.0 0.0 0.0 0.0 0.0 0.0 0.0 0.0 0.0 0.0 0.0 0.0 0.0 0.0 0.0 0.0 0.0 0.0 0.0 0.0 0.0 0.0 0.0 0.0 0.0 0.0 0.0 0.0 0.0 0.0 0.0 0.0 0.0 0.0 0.0 0.0 0.0 0.0 0.0 0.0 0.0 0.0 0.0 0.0 0.0 0.0 nan nan nan nan nan nan nan nan nan nan nan nan nan nan nan nan nan nan nan nan nan nan nan nan 
nan nan nan nan nan nan nan nan nan nan nan nan nan nan nan nan nan nan nan nan nan nan nan nan nan nan nan 0.0 0.0 0.0 0.0 0.0 0.0 0.0 0.0 0.0 0.0 0.0 0.0 0.0 0.0 0.0 0.0 0.0 0.0 0.0 0.0 0.0 0.0 0.0 0.0 0.0 0.0 0.0 0.0 0.0 0.0 0.0 0.0 0.0 0.0 0.0 0.0 0.0 0.0 0.0 0.0 0.0 0.0 0.0 0.0 0.0 0.0 0.0 nan nan nan nan nan nan nan nan nan nan nan nan nan nan nan nan nan nan nan nan nan nan nan nan nan nan 
nan nan nan nan nan nan nan nan nan nan nan nan nan nan nan nan nan nan nan nan nan nan nan nan nan nan nan nan nan 0.0 0.0 0.0 0.0 0.0 0.0 0.0 0.0 0.0 0.0 0.0 0.0 0.0 0.0 0.0 0.0 0.0 0.0 0.0 0.0 0.0 0.0 0.0 0.0 0.0 0.0 0.0 0.0 0.0 0.0 0.0 0.0 0.0 0.0 0.0 0.0 0.0 0.0 0.0 0.0 0.0 0.0 0.0 nan nan nan nan nan nan nan nan nan nan nan nan nan nan nan nan nan nan nan nan nan nan nan nan nan nan nan nan 
nan nan nan nan nan nan nan nan nan nan nan nan nan nan nan nan nan nan nan nan nan nan nan nan nan nan nan nan nan nan nan 0.0 0.0 0.0 0.0 0.0 0.0 0.0 0.0 0.0 0.0 0.0 0.0 0.0 0.0 0.0 0.0 0.0 0.0 0.0 0.0 0.0 0.0 0.0 0.0 0.0 0.0 0.0 0.0 0.0 0.0 0.0 0.0 0.0 0.0 0.0 0.0 0.0 0.0 0.0 nan nan nan nan nan nan nan nan nan nan nan nan nan nan nan nan nan nan nan nan nan nan nan nan nan nan nan nan nan nan 
nan nan nan nan nan nan nan nan nan nan nan nan nan nan nan nan nan nan nan nan nan nan nan nan nan nan nan nan nan nan nan nan nan 0.0 0.0 0.0 0.0 0.0 0.0 0.0 0.0 0.0 0.0 0.0 0.0 0.0 0.0 0.0 0.0 0.0 0.0 0.0 0.0 0.0 0.0 0.0 0.0 0.0 0.0 0.0 0.0 0.0 0.0 0.0 0.0 0.0 0.0 0.0 nan nan nan nan nan nan nan nan nan nan nan nan nan nan nan nan nan nan nan nan nan nan nan nan nan nan nan nan nan nan nan nan 
nan nan nan nan nan nan nan nan nan nan nan nan nan nan nan nan nan nan nan nan nan nan nan nan nan nan nan nan nan nan nan nan nan nan nan nan 0.0 0.0 0.0 0.0 0.0 0.0 0.0 0.0 0.0 0.0 0.0 0.0 0.0 0.0 0.0 0.0 0.0 0.0 0.0 0.0 0.0 0.0 0.0 0.0 0.0 0.0 0.0 0.0 0.0 nan nan nan nan nan nan nan nan nan nan nan nan nan nan nan nan nan nan nan nan nan nan nan nan nan nan nan nan nan nan nan nan nan nan nan 
nan nan nan nan nan nan nan nan nan nan nan nan nan nan nan nan nan nan nan nan nan nan nan nan nan nan nan nan nan nan nan nan nan nan nan nan nan nan nan nan nan 0.0 0.0 0.0 0.0 0.0 0.0 0.0 0.0 0.0 0.0 0.0 0.0 0.0 0.0 0.0 0.0 0.0 0.0 0.0 nan nan nan nan nan nan nan nan nan nan nan nan nan nan nan nan nan nan nan nan nan nan nan nan nan nan nan nan nan nan nan nan nan nan nan nan nan nan nan nan 
