2	header
addCalculation 2.0.3-2255-gc74ffae8	-l exp_depth/nm,exp_load/mN -f #depth/nm#+0.324883,#load/mN#-0.004869 loadDisp_c5r5_ht.txt
time/s	depth/nm	load/mN	exp_depth/nm	exp_load/mN
0.000000	-0.324883	0.004869	0.0	0.0
0.158356	-0.306845	0.004869	0.018038	0.0
0.208735	0.724932	0.035085	1.049815	0.030216
0.262497	3.492710	0.067232	3.817593	0.062363
0.318531	8.226767	0.100092	8.55165	0.095223
0.378888	12.037415	0.135857	12.362298	0.130988
0.434339	14.402509	0.169003	14.727392	0.16413399999999997
0.492750	17.614770	0.203585	17.939653	0.19871599999999998
0.549202	20.824631	0.237909	21.149514	0.23304
0.605261	23.288353	0.271368	23.613236	0.266499
0.664637	25.497908	0.306825	25.822791	0.301956
0.721836	29.204197	0.341177	29.52908	0.336308
0.779699	32.908681	0.376174	33.233564	0.371305
0.832451	34.637115	0.409085	34.961998	0.40421599999999996
0.887521	37.559286	0.442099	37.884169	0.43723
0.941944	39.684028	0.474012	40.008911	0.469143
0.999928	41.650832	0.507998	41.975715	0.5031289999999999
1.065717	43.738919	0.547620	44.063802	0.542751
1.116954	45.111823	0.579821	45.436706	0.574952
1.169858	48.033925	0.611470	48.358808	0.606601
1.222347	50.883329	0.642749	51.208212	0.63788
1.280954	52.306799	0.676405	52.631682	0.671536
1.337995	53.395291	0.710945	53.720174	0.706076
1.395142	55.590057	0.745110	55.91494	0.740241
1.452838	57.913237	0.779338	58.23812	0.774469
1.510514	60.862025	0.813915	61.186908	0.809046
1.562381	61.442225	0.847031	61.767108	0.842162
1.617759	63.879577	0.879226	64.20446	0.8743569999999999
1.671154	66.098818	0.912439	66.423701	0.90757
1.727890	68.327922	0.944028	68.652805	0.939159
1.788537	70.929208	0.980407	71.254091	0.975538
1.844230	73.559860	1.015313	73.884743	1.010444
1.902935	75.617545	1.050078	75.942428	1.045209
1.959554	77.234490	1.083377	77.559373	1.078508
2.019301	78.391965	1.118587	78.716848	1.113718
2.078376	81.807657	1.154279	82.13254	1.14941
2.137961	83.873033	1.190127	84.197916	1.185258
2.196771	85.359124	1.225689	85.684007	1.22082
2.255809	88.657806	1.260666	88.982689	1.255797
2.313802	89.870852	1.296378	90.195735	1.291509
2.370339	92.451775	1.331284	92.776658	1.326415
2.425504	94.809840	1.363206	95.134723	1.358337
2.485021	96.758318	1.398556	97.083201	1.393687
2.537414	97.785434	1.432118	98.110317	1.427249
2.591548	99.532241	1.463955	99.857124	1.4590859999999999
2.650698	101.758484	1.498190	102.083367	1.493321
2.709789	103.462016	1.533902	103.786899	1.529033
2.767917	105.896902	1.568958	106.221785	1.564089
2.820833	107.818371	1.602011	108.143254	1.597142
2.872637	109.605213	1.633220	109.930096	1.6283509999999999
2.925318	111.477506	1.664549	111.802389	1.65968
2.980321	114.328862	1.696820	114.653745	1.691951
3.037834	115.438737	1.731082	115.76362	1.726213
3.094450	118.076965	1.765084	118.401848	1.760215
3.149329	120.759610	1.799010	121.084493	1.794141
3.205543	122.147677	1.831715	122.47256	1.826846
3.261915	124.281407	1.865652	124.60629	1.860783
3.318298	126.248351	1.899352	126.573234	1.894483
3.377272	128.235571	1.934438	128.560454	1.929569
3.435797	129.967493	1.969425	130.292376	1.964556
3.493667	131.471109	2.004335	131.795992	1.9994660000000002
3.552231	133.947694	2.039413	134.272577	2.0345440000000004
3.609023	136.482576	2.073752	136.807459	2.068883
3.667481	138.850657	2.108317	139.17554	2.103448
3.726447	141.044935	2.143849	141.369818	2.13898
3.784985	142.399413	2.178890	142.724296	2.174021
3.843746	145.518836	2.214375	145.843719	2.209506
3.901598	147.044474	2.249042	147.369357	2.2441730000000004
3.958761	149.194623	2.283383	149.519506	2.2785140000000004
4.014130	152.022976	2.317400	152.347859	2.3125310000000003
4.067609	152.900675	2.350116	153.225558	2.345247
4.125261	154.954604	2.383455	155.279487	2.3785860000000003
4.184595	158.121167	2.418456	158.44605	2.413587
4.246068	160.975405	2.454786	161.300288	2.449917
4.306871	163.335978	2.491137	163.660861	2.4862680000000004
4.365759	165.307686	2.527199	165.632569	2.52233
4.424660	167.156339	2.562696	167.481222	2.557827
4.483115	169.166056	2.597753	169.490939	2.592884
4.538144	171.730279	2.631746	172.055162	2.6268770000000004
4.590963	173.417252	2.663758	173.742135	2.6588890000000003
4.650264	174.741700	2.698121	175.066583	2.693252
4.711393	178.236028	2.734434	178.560911	2.729565
4.771435	179.604814	2.770265	179.929697	2.7653960000000004
4.823961	181.295521	2.804145	181.620404	2.7992760000000003
4.875220	183.614711	2.834894	183.939594	2.830025
4.930346	184.360598	2.866298	184.685481	2.8614290000000002
4.989682	185.371251	2.901154	185.696134	2.896285
5.046022	187.807584	2.935997	188.132467	2.931128
5.100637	189.197158	2.968872	189.522041	2.9640030000000004
5.160796	191.923112	3.004328	192.247995	2.9994590000000003
5.221714	193.221582	3.039853	193.546465	3.034984
5.281218	194.224938	3.076322	194.549821	3.071453
5.341128	196.734258	3.111803	197.059141	3.1069340000000003
5.396603	198.718179	3.146577	199.043062	3.1417080000000004
5.449825	201.736872	3.179313	202.061755	3.1744440000000003
5.505057	203.437658	3.211753	203.762541	3.206884
5.557732	204.852333	3.244104	205.177216	3.2392350000000003
5.611471	206.696316	3.275802	207.021199	3.2709330000000003
5.671881	207.654992	3.310930	207.979875	3.306061
5.730169	209.783121	3.346275	210.108004	3.341406
5.787721	211.410202	3.380817	211.735085	3.375948
5.846212	213.054045	3.415790	213.378928	3.410921
5.903927	215.507837	3.450303	215.83272	3.445434
5.963521	216.887518	3.486147	217.212401	3.481278
6.020924	220.744793	3.520711	221.069676	3.515842
6.074630	222.937159	3.554375	223.262042	3.549506
6.128736	224.844840	3.586237	225.169723	3.5813680000000003
6.186359	227.113476	3.620143	227.438359	3.6152740000000003
6.244547	228.018107	3.654768	228.34299	3.649899
6.302277	231.554061	3.689605	231.878944	3.684736
6.359417	234.181924	3.723876	234.506807	3.7190070000000004
6.416760	235.984075	3.758240	236.308958	3.753371
6.473369	237.137943	3.792368	237.462826	3.7874990000000004
6.530625	237.408833	3.826826	237.733716	3.8219570000000003
6.582831	238.931982	3.858947	239.256865	3.8540780000000003
6.642510	241.123160	3.893501	241.448043	3.8886320000000003
6.702014	242.032734	3.929228	242.357617	3.9243590000000004
6.759787	245.736124	3.964157	246.061007	3.9592880000000004
6.810814	247.053253	3.996411	247.378136	3.9915420000000004
6.863400	248.593217	4.027626	248.9181	4.0227569999999995
6.918072	251.588586	4.060479	251.913469	4.05561
6.973024	252.957547	4.092689	253.28243	4.08782
7.038998	254.356233	4.132076	254.681116	4.127206999999999
7.094445	256.228034	4.166204	256.552917	4.161334999999999
7.151456	257.864599	4.199643	258.189482	4.194774
7.212990	260.135973	4.235802	260.460856	4.230932999999999
7.270015	261.541194	4.271718	261.866077	4.266849
7.325918	263.645366	4.304543	263.970249	4.2996739999999996
7.386122	265.013439	4.339625	265.338322	4.334756
7.448661	265.653721	4.376710	265.978604	4.371841
7.504532	268.014123	4.412180	268.339006	4.407311
7.560130	270.372956	4.445205	270.697839	4.440335999999999
7.616739	272.987089	4.479717	273.311972	4.474848
7.670989	275.033193	4.511492	275.358076	4.506622999999999
7.726273	276.307043	4.545066	276.631926	4.540197
7.782913	278.681170	4.577630	279.006053	4.572761
7.841748	279.965751	4.612596	280.290634	4.607727
7.903779	280.534524	4.649415	280.859407	4.644546
7.962600	282.389763	4.685993	282.714646	4.681124
8.020690	282.972408	4.720143	283.297291	4.715274
8.078257	284.903762	4.754842	285.228645	4.749973
8.134684	286.979602	4.790508	287.304485	4.785639
8.191353	288.477410	4.822545	288.802293	4.817676
8.252484	290.639712	4.858731	290.964595	4.8538619999999995
8.312311	292.239422	4.895406	292.564305	4.890537
8.371567	295.210845	4.931096	295.535728	4.926227
8.429345	298.073171	4.966031	298.398054	4.961162
8.488298	300.541373	5.000814	300.866256	4.995945
8.549070	303.667905	5.037409	303.992788	5.03254
8.608869	305.341602	5.073595	305.666485	5.068726
8.667892	307.829057	5.108897	308.15394	5.104028
8.729713	308.862170	5.145498	309.187053	5.140629
8.786478	310.105977	5.181539	310.43086	5.17667
8.840511	313.771581	5.213940	314.096464	5.209071
8.893612	314.763065	5.245380	315.087948	5.240511
8.952965	316.939309	5.279862	317.264192	5.274992999999999
9.012387	318.294980	5.315296	318.619863	5.310427
9.073258	319.370885	5.351833	319.695768	5.346964
9.129528	320.631487	5.387052	320.95637	5.3821829999999995
9.185312	321.868680	5.419875	322.193563	5.415006
9.242288	324.397730	5.455041	324.722613	5.450171999999999
9.299706	327.639221	5.487433	327.964104	5.482564
9.360017	329.777837	5.523485	330.10272	5.518616
9.420109	331.772728	5.560005	332.097611	5.555136
9.474463	331.456853	5.594277	331.781736	5.589408
9.530726	334.013522	5.626047	334.338405	5.621178
9.583755	336.009088	5.659698	336.333971	5.654828999999999
9.642523	339.187970	5.693520	339.512853	5.688651
9.702097	342.645991	5.728914	342.970874	5.724044999999999
9.760831	343.019810	5.764207	343.344693	5.759338
9.819355	344.294109	5.799773	344.618992	5.794904
9.878319	345.344287	5.834973	345.66917	5.8301039999999995
9.936515	346.097987	5.869937	346.42287	5.865068
9.997961	347.471798	5.905922	347.796681	5.901053
10.054554	348.624448	5.941183	348.949331	5.936313999999999
10.110372	350.808477	5.974778	351.13336	5.9699089999999995
10.171106	353.540956	6.000000	353.865839	5.995131
