2	header
addCalculation 2.0.3-2255-gc74ffae8	-l exp_depth/nm,exp_load/mN -f #depth/nm#-2.739215,#load/mN#-0.003381 loadDisp_c15r13_rt.txt
time/s	depth/nm	load/mN	exp_load/mN	exp_depth/nm
0.000000	2.739215	0.003381	0.0	0.0
0.148585	2.857534	0.003382	1.0000000000001327e-06	0.11831899999999962
0.204921	5.269936	0.058077	0.054695999999999995	2.530721
0.251203	8.129096	0.105732	0.10235100000000001	5.389881000000001
0.309312	11.423792	0.163143	0.15976200000000002	8.684577
0.361447	13.907807	0.215086	0.211705	11.168592
0.419374	16.104660	0.270182	0.26680099999999995	13.365445
0.478389	18.464075	0.328977	0.325596	15.724860000000001
0.536637	21.232969	0.387556	0.384175	18.493754
0.594979	25.012413	0.445707	0.442326	22.273197999999997
0.657997	27.239781	0.511673	0.5082920000000001	24.500566
0.712566	29.600699	0.567153	0.563772	26.861483999999997
0.763995	32.099573	0.618258	0.614877	29.360357999999998
0.819751	33.502634	0.672472	0.669091	30.763419
0.878854	35.902866	0.730504	0.7271230000000001	33.163651
0.938597	37.909748	0.790158	0.7867770000000001	35.170533
0.998480	39.530698	0.849812	0.846431	36.791483
1.059695	41.546596	0.910921	0.90754	38.807381
1.112089	43.211567	0.966183	0.962802	40.472352
1.166403	45.307860	1.020694	1.017313	42.568645
1.224547	47.929529	1.077326	1.073945	45.190314
1.284924	49.225420	1.136218	1.1328369999999999	46.486205
1.343832	51.000814	1.195730	1.1923489999999999	48.261599
1.401415	52.922227	1.253238	1.249857	50.183012
1.460141	54.891511	1.311054	1.3076729999999999	52.152296
1.519723	56.701889	1.370969	1.367588	53.962674
1.580953	58.927450	1.432550	1.429169	56.188235
1.642813	61.207535	1.492036	1.4886549999999998	58.46832
1.701970	62.739840	1.553379	1.549998	60.000625
1.761329	65.336202	1.612549	1.609168	62.596987
1.819712	67.527615	1.671222	1.667841	64.7884
1.878165	68.572597	1.729597	1.726216	65.833382
1.937536	70.751704	1.788918	1.785537	68.012489
1.995808	71.691272	1.847033	1.8436519999999998	68.952057
2.055156	72.974013	1.906616	1.903235	70.234798
2.113923	75.653478	1.965467	1.962086	72.914263
2.172893	77.314386	2.024387	2.021006	74.575171
2.231416	79.547752	2.082778	2.0793969999999997	76.808537
2.290849	81.297720	2.141928	2.138547	78.558505
2.349409	82.724050	2.200627	2.197246	79.984835
2.407924	84.374031	2.259873	2.2564919999999997	81.634816
2.465141	86.034574	2.317101	2.31372	83.295359
2.523225	87.839217	2.374912	2.371531	85.100002
2.580000	89.177033	2.431716	2.428335	86.437818
2.637419	91.138627	2.488997	2.485616	88.399412
2.695079	92.435407	2.547504	2.544123	89.696192
2.747573	93.296782	2.600960	2.597579	90.55756699999999
2.799649	94.853365	2.653848	2.650467	92.11415
2.859038	96.916176	2.710572	2.707191	94.17696099999999
2.918861	97.273124	2.770513	2.7671319999999997	94.533909
2.981867	99.144817	2.831798	2.828417	96.405602
3.040479	100.552604	2.891484	2.888103	97.813389
3.099375	101.375008	2.951043	2.947662	98.63579299999999
3.158331	102.892026	3.009856	3.006475	100.152811
3.216271	103.858528	3.067766	3.064385	101.119313
3.275541	105.375096	3.126801	3.12342	102.635881
3.333739	106.283520	3.185404	3.182023	103.544305
3.391625	108.754960	3.243688	3.240307	106.015745
3.449467	110.374572	3.301322	3.297941	107.635357
3.507191	111.265838	3.359242	3.355861	108.526623
3.566336	113.432545	3.417522	3.414141	110.69333
3.625266	114.787487	3.476603	3.473222	112.048272
3.684932	115.676523	3.536393	3.533012	112.937308
3.744094	117.894264	3.595296	3.5919149999999997	115.155049
3.800128	118.310882	3.654357	3.650976	115.571667
3.856317	119.936383	3.708646	3.705265	117.197168
3.916590	121.879401	3.768342	3.764961	119.140186
3.974221	122.852448	3.826228	3.822847	120.113233
4.032584	125.000862	3.883960	3.880579	122.261647
4.090897	125.909988	3.942495	3.939114	123.170773
4.150172	127.984153	4.001808	3.9984269999999995	125.244938
4.210127	129.658912	4.061489	4.058108	126.91969699999999
4.269307	131.172321	4.120769	4.117388	128.433106
4.335463	133.037512	4.187542	4.184161	130.298297
4.392876	134.675281	4.244674	4.241293	131.936066
4.450515	136.262038	4.302538	4.299157	133.522823
4.509444	138.086760	4.361016	4.357635	135.347545
4.568052	139.817855	4.419866	4.416485	137.07864
4.625132	141.381713	4.477269	4.473888	138.642498
4.682492	141.625077	4.535122	4.531741	138.885862
4.734529	142.493365	4.588970	4.585589	139.75415
4.786936	144.284734	4.640608	4.637227	141.54551899999998
4.845644	144.910693	4.695885	4.692504	142.171478
4.904372	147.447647	4.755916	4.752535	144.708432
4.962773	149.033891	4.814688	4.811307	146.294676
5.024099	150.000845	4.876103	4.8727219999999996	147.26163
5.082659	151.103287	4.934400	4.931019	148.364072
5.141918	152.653519	4.993471	4.99009	149.914304
5.200458	153.972867	5.052193	5.048812	151.233652
5.258509	154.475841	5.110501	5.10712	151.736626
5.316779	155.989146	5.168445	5.165064	153.249931
5.382282	157.383038	5.234292	5.230911	154.643823
5.439168	158.760051	5.291400	5.288019	156.020836
5.498323	160.963543	5.349704	5.346323	158.22432799999999
5.557006	162.183821	5.408143	5.404762	159.444606
5.613941	162.576561	5.466335	5.462954	159.837346
5.666069	165.116181	5.520161	5.51678	162.376966
5.724636	166.759458	5.576155	5.572774	164.020243
5.783045	167.418808	5.634437	5.631056	164.679593
5.841631	169.579352	5.693092	5.689711	166.840137
5.898956	170.217198	5.750820	5.747439	167.477983
5.957732	171.475771	5.809473	5.806092	168.736556
6.017686	173.312022	5.869327	5.865946	170.572807
6.076008	174.853760	5.927635	5.924254	172.114545
6.131752	176.117642	5.986149	5.982768	173.378427
6.185479	178.309275	6.038416	6.035035	175.57006
6.244066	180.029369	6.095691	6.09231	177.290154
6.302084	181.163067	6.154063	6.150682	178.423852
6.361585	182.995450	6.213193	6.209812	180.256235
6.419107	184.864768	6.271282	6.267901	182.125553
6.478705	185.898426	6.329726	6.326345	183.159211
6.538689	187.828198	6.390164	6.386783	185.08898299999998
6.597759	188.984167	6.449362	6.445981	186.244952
6.656912	190.013763	6.508835	6.505454	187.274548
6.712430	191.333411	6.566547	6.563166	188.594196
6.766597	192.620411	6.618600	6.615219	189.881196
6.826272	193.260677	6.677979	6.674598	190.52146199999999
6.884893	195.679639	6.736667	6.733286	192.940424
6.941294	197.354134	6.794627	6.791246	194.614919
7.000085	197.681363	6.850225	6.846844	194.942148
7.059153	199.483211	6.910826	6.907445	196.743996
7.117159	200.067853	6.968921	6.96554	197.328638
7.175529	201.562722	7.027243	7.023862	198.823507
7.235550	203.819484	7.086930	7.083549	201.080269
7.295130	205.029698	7.146798	7.143417	202.290483
7.353958	206.112315	7.205900	7.202519	203.3731
7.410499	207.846450	7.263374	7.259993	205.107235
7.469185	208.706535	7.321410	7.318029	205.96732
7.528918	210.225458	7.380638	7.377257	207.486243
7.588131	211.454746	7.439717	7.436336	208.715531
7.647082	212.526032	7.498720	7.4953389999999995	209.78681699999999
7.705009	213.439717	7.556658	7.553277	210.700502
7.764537	214.689115	7.616115	7.612734	211.94989999999999
7.823411	216.046297	7.675196	7.671815	213.307082
7.882365	216.592982	7.734285	7.730904	213.853767
7.937452	218.304431	7.791658	7.788277	215.565216
7.993090	219.729131	7.845687	7.842306	216.989916
8.053114	220.855975	7.904525	7.9011439999999995	218.11676
8.113352	221.724456	7.964843	7.961462	218.985241
8.172948	222.721738	8.024494	8.021113000000001	219.982523
8.234762	223.870206	8.085945	8.082564000000001	221.130991
8.294723	226.331064	8.145663	8.142282000000002	223.591849
8.354054	227.406333	8.205849	8.202468000000001	224.667118
8.411086	228.786914	8.263936	8.260555	226.047699
8.467534	230.623940	8.320036	8.316655	227.884725
8.528062	231.495094	8.379287	8.375906	228.755879
8.587738	233.449596	8.439437	8.436056	230.710381
8.647014	234.260474	8.499206	8.495825	231.521259
8.705231	235.013099	8.557920	8.554539	232.273884
8.757841	236.337507	8.611970	8.608589	233.598292
8.812412	237.237686	8.665715	8.662334000000001	234.498471
8.870621	238.621291	8.722160	8.718779000000001	235.882076
8.930731	239.704299	8.781747	8.778366	236.965084
8.989360	241.098998	8.841035	8.837654	238.359783
9.048446	243.279753	8.900126	8.896745000000001	240.540538
9.106953	244.853495	8.958718	8.955337	242.11428
9.166069	247.044700	9.017865	9.014484000000001	244.305485
9.222172	248.620687	9.076149	9.072768	245.881472
9.279826	249.452805	9.132061	9.128680000000001	246.71359
9.339316	252.024693	9.190921	9.18754	249.285478
9.399105	253.036270	9.251121	9.24774	250.297055
9.456352	254.071255	9.308456	9.305075	251.33204
9.516039	255.466096	9.367883	9.364502000000002	252.726881
9.576123	255.928676	9.428021	9.42464	253.189461
9.634856	256.819447	9.486603	9.483222000000001	254.08023200000002
9.695170	258.136410	9.546956	9.543575	255.397195
9.752635	259.371477	9.604811	9.60143	256.632262
9.811486	260.317656	9.663424	9.660043	257.578441
9.870721	261.826069	9.722705	9.719324	259.086854
9.931089	263.255106	9.782717	9.779336	260.515891
9.989141	264.127234	9.841543	9.838162	261.388019
10.046958	266.172292	9.899194	9.895813	263.433077
10.103912	267.363682	9.956371	9.952990000000002	264.624467
10.167780	267.919933	10.000000	9.996619	265.180718
