2	header
addCalculation 2.0.3-2255-gc74ffae8	-l exp_depth/nm,exp_load/mN -f #depth/nm#-1.850671,#load/mN#-0.003249 loadDisp_c1r1_ht.txt
time/s	depth/nm	load/mN	exp_depth/nm	exp_load/mN
0.000000	1.850671	0.003249	0.0	0.0
0.131113	1.783384	0.003250	-0.06728699999999987	9.99999999999699e-07
0.184167	3.008088	0.035117	1.157417	0.031868
0.233599	6.157628	0.064586	4.306957	0.061337
0.290726	10.410589	0.098276	8.559918	0.095027
0.353993	13.625974	0.135299	11.775303	0.13205
0.409332	15.806786	0.169108	13.956115	0.165859
0.460791	18.468784	0.200245	16.618113	0.196996
0.514251	21.637839	0.233006	19.787168	0.229757
0.570527	24.037700	0.265895	22.187029000000003	0.262646
0.629408	26.753268	0.300211	24.902597	0.296962
0.689391	30.212167	0.336146	28.361496000000002	0.332897
0.750019	32.515281	0.372484	30.664610000000003	0.369235
0.804757	34.227950	0.407069	32.377279	0.40382
0.864558	36.977638	0.442273	35.126967	0.439024
0.926925	38.269580	0.477941	36.418909	0.474692
0.977848	41.579659	0.511295	39.728988	0.5080460000000001
1.033519	42.962344	0.544616	41.111673	0.541367
1.086183	44.519891	0.575680	42.66922	0.572431
1.137047	47.499214	0.606852	45.648543000000004	0.603603
1.189581	49.338343	0.637588	47.487672	0.6343390000000001
1.249243	51.904674	0.671913	50.054003	0.668664
1.308090	53.898956	0.707546	52.048285	0.7042970000000001
1.366095	55.520190	0.742301	53.669519	0.739052
1.424893	56.856729	0.777756	55.006058	0.7745070000000001
1.478706	58.210856	0.811078	56.360185	0.807829
1.532182	60.690490	0.843086	58.839819	0.8398370000000001
1.587014	62.184729	0.875535	60.334058	0.872286
1.646905	63.600065	0.910855	61.749394	0.907606
1.704525	66.594809	0.945755	64.74413799999999	0.9425060000000001
1.762449	68.300144	0.980126	66.449473	0.9768770000000001
1.819986	71.062764	1.014936	69.212093	1.011687
1.882440	73.909466	1.052959	72.05879499999999	1.04971
1.938548	75.186445	1.086319	73.335774	1.08307
1.997335	77.241003	1.120873	75.390332	1.117624
2.055525	78.585705	1.155988	76.735034	1.152739
2.112963	81.897571	1.190644	80.0469	1.187395
2.169087	83.118045	1.224605	81.26737399999999	1.2213559999999999
2.226762	84.648022	1.259049	82.79735099999999	1.2558
2.284158	86.862489	1.293333	85.01181799999999	1.290084
2.338173	88.650152	1.327009	86.799481	1.32376
2.393696	91.154236	1.359274	89.30356499999999	1.356025
2.447726	93.500505	1.393016	91.649834	1.389767
2.501289	94.181162	1.424587	92.330491	1.421338
2.557177	96.817778	1.457605	94.967107	1.454356
2.610429	98.384816	1.490351	96.534145	1.487102
2.666424	98.811047	1.524218	96.960376	1.520969
2.721766	102.067796	1.556644	100.217125	1.5533949999999999
2.779044	105.480434	1.590184	103.629763	1.586935
2.838448	106.714491	1.625435	104.86381999999999	1.622186
2.897436	108.560559	1.661658	106.70988799999999	1.658409
2.950601	110.167823	1.694362	108.317152	1.6911129999999999
3.001968	111.581945	1.725606	109.731274	1.722357
3.055994	113.263354	1.757818	111.412683	1.754569
3.112239	115.168731	1.790470	113.31805999999999	1.787221
3.170578	118.099750	1.825169	116.249079	1.82192
3.229461	120.625874	1.860472	118.77520299999999	1.8572229999999998
3.287177	122.131238	1.895129	120.28056699999999	1.89188
3.346558	123.811928	1.930420	121.96125699999999	1.927171
3.404194	124.860438	1.965679	123.009767	1.96243
3.457213	127.483807	1.998392	125.633136	1.9951429999999999
3.513009	130.010472	2.031028	128.159801	2.027779
3.570013	132.290686	2.065107	130.440015	2.061858
3.629196	135.473452	2.100162	133.622781	2.0969130000000002
3.686522	136.522231	2.134910	134.67156	2.1316610000000003
3.744066	139.054165	2.169332	137.203494	2.166083
3.797967	140.240930	2.203142	138.390259	2.1998930000000003
3.851571	141.949308	2.234681	140.098637	2.2314320000000003
3.906838	145.474077	2.268336	143.623406	2.2650870000000003
3.961286	147.869250	2.300143	146.018579	2.296894
4.020217	149.931773	2.334868	148.081102	2.3316190000000003
4.074519	150.939166	2.368912	149.088495	2.365663
4.127387	152.986678	2.400212	151.136007	2.396963
4.189446	155.476525	2.435737	153.625854	2.432488
4.248996	157.149897	2.472060	155.299226	2.468811
4.307824	159.399417	2.507327	157.548746	2.5040780000000002
4.365859	161.585966	2.542362	159.735295	2.539113
4.424057	163.080660	2.577337	161.229989	2.574088
4.483559	166.370896	2.612785	164.52022499999998	2.6095360000000003
4.542606	168.313908	2.648113	166.463237	2.644864
4.600308	170.432115	2.683245	168.581444	2.679996
4.657806	172.901350	2.717768	171.050679	2.714519
4.716140	173.879282	2.752376	172.02861099999998	2.749127
4.773887	176.562815	2.787325	174.712144	2.784076
4.828691	178.591777	2.820887	176.741106	2.817638
4.881522	179.919675	2.853135	178.069004	2.849886
4.938906	182.046214	2.887717	180.195543	2.884468
4.990592	183.865109	2.918637	182.01443799999998	2.915388
5.042395	185.878861	2.949393	184.02819	2.9461440000000003
5.101255	188.451416	2.983412	186.600745	2.980163
5.159543	190.963510	3.018296	189.112839	3.015047
5.222351	193.762172	3.054542	191.911501	3.0512930000000003
5.282898	195.118619	3.091892	193.267948	3.0886430000000002
5.337877	196.753602	3.126985	194.902931	3.123736
5.395221	199.730442	3.159263	197.879771	3.1560140000000003
5.452766	204.905040	3.194423	203.054369	3.191174
5.504780	208.829173	3.227279	206.978502	3.22403
5.560874	211.628700	3.259726	209.778029	3.2564770000000003
5.615913	213.640346	3.293832	211.789675	3.2905830000000003
5.668602	215.031269	3.325165	213.180598	3.3219160000000003
5.727720	215.963734	3.359176	214.11306299999998	3.3559270000000003
5.786594	218.036448	3.394582	216.185777	3.3913330000000004
5.844831	218.716384	3.429778	216.865713	3.4265290000000004
5.899170	219.579573	3.463799	217.728902	3.46055
5.954372	221.614116	3.495865	219.763445	3.492616
6.009726	222.963759	3.530058	221.113088	3.526809
6.064907	224.854596	3.562562	223.00392499999998	3.559313
6.125404	226.247194	3.597779	224.396523	3.5945300000000002
6.183004	227.412752	3.632683	225.562081	3.6294340000000003
6.241196	229.982478	3.667606	228.13180699999998	3.6643570000000003
6.299663	232.248878	3.702673	230.39820699999999	3.699424
6.359207	234.499939	3.738295	232.649268	3.735046
6.417112	237.299305	3.773139	235.448634	3.76989
6.474924	237.886195	3.807910	236.03552399999998	3.8046610000000003
6.525983	238.811889	3.839930	236.961218	3.836681
6.582594	239.900266	3.872723	238.04959499999998	3.8694740000000003
6.639271	241.212441	3.906794	239.36177	3.9035450000000003
6.698946	244.031183	3.941982	242.180512	3.938733
6.753381	245.366331	3.976388	243.51566	3.973139
6.810135	247.630738	4.009199	245.780067	4.0059499999999995
6.867076	248.870437	4.044131	247.019766	4.040882
6.921236	249.726490	4.076810	247.875819	4.073561
6.974381	251.589746	4.109104	249.73907499999999	4.105855
7.028589	252.971366	4.141603	251.12069499999998	4.138354
7.084522	255.713262	4.173503	253.86259099999998	4.170254
7.145436	258.934414	4.209340	257.083743	4.206091
7.204124	261.653081	4.245110	259.80241	4.241861
7.260152	263.357372	4.279721	261.506701	4.276472
7.314496	264.330437	4.312330	262.47976600000004	4.309081
7.371400	264.765965	4.347262	262.915294	4.3440129999999995
7.425057	267.348975	4.378870	265.498304	4.375621
7.485225	268.010332	4.413693	266.159661	4.410444
7.540758	270.661782	4.448299	268.81111100000004	4.445049999999999
7.597417	272.746780	4.481645	270.896109	4.478396
7.656221	274.642164	4.516684	272.791493	4.513434999999999
7.710757	276.338470	4.550853	274.487799	4.547604
7.764769	277.177434	4.582735	275.326763	4.579485999999999
7.820859	279.054084	4.615761	277.203413	4.612512
7.880058	281.010232	4.650524	279.159561	4.647275
7.934951	282.577077	4.685211	280.726406	4.6819619999999995
7.991546	285.071199	4.718222	283.220528	4.714973
8.050297	286.412665	4.753138	284.561994	4.749889
8.108038	287.820349	4.787751	285.96967800000004	4.784502
8.167440	289.327106	4.823386	287.47643500000004	4.820137
8.226538	289.973105	4.858679	288.122434	4.85543
8.286638	291.654341	4.894899	289.80367	4.891649999999999
8.345087	293.558283	4.930055	291.70761200000004	4.926806
8.404076	295.879521	4.965313	294.02885000000003	4.962064
8.458614	298.696861	4.999561	296.84619000000004	4.996312
8.513545	300.193514	5.031907	298.342843	5.028658
8.570318	302.066309	5.065615	300.215638	5.062366
8.626485	305.368989	5.099372	303.518318	5.0961229999999995
8.682649	309.249307	5.133058	307.398636	5.129809
8.738752	311.130260	5.167615	309.27958900000004	5.164365999999999
8.791249	312.011358	5.198924	310.160687	5.195675
8.847624	313.532363	5.232076	311.681692	5.228827
8.901296	315.391608	5.265437	313.54093700000004	5.262188
8.954343	316.519183	5.297173	314.668512	5.293924
9.006371	318.208613	5.328140	316.35794200000004	5.324891
9.059677	319.965136	5.359685	318.114465	5.3564359999999995
9.117486	322.273651	5.393506	320.42298	5.390257
9.172513	324.749110	5.427638	322.898439	5.424389
9.229614	325.758949	5.460950	323.908278	5.457701
9.284209	327.691000	5.494870	325.840329	5.491620999999999
9.339607	330.149497	5.527174	328.298826	5.523924999999999
9.399376	332.477554	5.562365	330.626883	5.5591159999999995
9.455626	335.316208	5.597461	333.46553700000004	5.594212
9.512885	336.590177	5.630650	334.739506	5.627401
9.570146	338.512909	5.665200	336.662238	5.661950999999999
9.625756	339.411822	5.699607	337.561151	5.696358
9.680332	340.563967	5.731789	338.713296	5.72854
9.739551	342.202133	5.766412	340.351462	5.763163
9.794043	343.706395	5.800802	341.855724	5.797553
9.848359	345.659415	5.832848	343.80874400000005	5.829599
9.908648	347.381118	5.867546	345.53044700000004	5.864297
9.969260	348.454328	5.904274	346.603657	5.901025
10.027095	351.228389	5.939111	349.377718	5.935861999999999
10.086543	352.586058	5.974760	350.735387	5.971511