2	header
addCalculation 2.0.3-2255-gc74ffae8	-l exp_depth/nm,exp_load/mN -f #depth/nm#-5.640104,#load/mN#-0.004135 loadDisp_c7r13_rt.txt
time/s	depth/nm	load/mN	exp_load/mN	exp_depth/nm
0.000000	5.640104	0.004135	0.0	0.0
0.154115	6.072437	0.004136	1.0000000000001327e-06	0.43233299999999986
0.209566	8.567039	0.059879	0.055744	2.9269349999999994
0.255870	11.583994	0.106960	0.102825	5.943890000000001
0.311995	15.270848	0.162637	0.158502	9.630744
0.367446	16.815195	0.216000	0.211865	11.175090999999998
0.426202	20.136418	0.273856	0.269721	14.496313999999998
0.485146	22.807961	0.332708	0.328573	17.167856999999998
0.544273	25.036321	0.391621	0.387486	19.396217
0.602548	28.295179	0.450336	0.446201	22.655075
0.664086	30.159812	0.514675	0.51054	24.519707999999998
0.720260	32.303429	0.570260	0.566125	26.663325
0.777961	35.199569	0.625404	0.621269	29.559464999999996
0.835991	35.901345	0.683861	0.679726	30.261241
0.894319	38.651390	0.741936	0.737801	33.011286
0.953058	40.371144	0.800792	0.796657	34.73104
1.011479	41.716043	0.859110	0.854975	36.075939
1.069449	44.350978	0.917621	0.913486	38.710874
1.126218	45.902041	0.975016	0.970881	40.261936999999996
1.178215	47.463559	1.028791	1.024656	41.823454999999996
1.234249	48.960078	1.084593	1.080458	43.319974
1.288776	51.272024	1.138119	1.133984	45.63192
1.347088	53.931867	1.194623	1.190488	48.291762999999996
1.404685	55.296880	1.252438	1.248303	49.656776
1.463671	57.813193	1.311632	1.307497	52.173089
1.520649	58.572133	1.369202	1.365067	52.932029
1.571597	59.357191	1.422630	1.418495	53.717087
1.623796	62.197001	1.474605	1.47047	56.556897
1.678596	63.489351	1.529193	1.525058	57.849247
1.733298	65.052318	1.582405	1.57827	59.412214
1.792277	67.660482	1.639607	1.635472	62.020378
1.851222	69.041247	1.698814	1.694679	63.401143
1.909954	71.260793	1.757255	1.75312	65.62068900000001
1.968837	73.630223	1.816677	1.812542	67.990119
2.027830	74.952281	1.875777	1.871642	69.312177
2.087744	77.563101	1.934871	1.930736	71.92299700000001
2.148247	78.982227	1.996171	1.992036	73.342123
2.210262	80.981907	2.056553	2.0524180000000003	75.34180300000001
2.269130	82.050378	2.116676	2.1125410000000002	76.410274
2.327213	84.204614	2.175707	2.1715720000000003	78.56451000000001
2.380847	85.284914	2.230797	2.226662	79.64481
2.440966	86.830802	2.287908	2.283773	81.19069800000001
2.502496	89.275951	2.349288	2.345153	83.63584700000001
2.561972	89.506012	2.409698	2.405563	83.865908
2.620842	90.942980	2.468244	2.4641089999999997	85.30287600000001
2.680129	92.825178	2.527921	2.5237860000000003	87.185074
2.738418	93.066734	2.586193	2.582058	87.42663
2.792702	95.243561	2.643037	2.638902	89.603457
2.850022	96.417324	2.696860	2.6927250000000003	90.77722
2.910640	98.544022	2.758297	2.754162	92.903918
2.968615	99.949867	2.816753	2.8126179999999996	94.309763
3.026982	101.161461	2.875127	2.870992	95.52135700000001
3.086034	102.581661	2.933851	2.929716	96.941557
3.145868	103.816260	2.993477	2.9893419999999997	98.176156
3.204290	105.449108	3.052428	3.048293	99.809004
3.261411	106.660832	3.109763	3.1056280000000003	101.020728
3.316526	108.232014	3.166627	3.1624920000000003	102.59191000000001
3.373800	110.647980	3.220742	3.2166069999999998	105.00787600000001
3.434157	110.562417	3.281454	3.2773190000000003	104.922313
3.492779	112.219781	3.340307	3.3361720000000004	106.579677
3.551601	113.418173	3.399637	3.3955019999999996	107.778069
3.607237	114.748440	3.456022	3.451887	109.10833600000001
3.660238	117.178669	3.510786	3.5066509999999997	111.538565
3.718551	118.408095	3.566794	3.562659	112.76799100000001
3.778149	119.973822	3.626136	3.622001	114.333718
3.840983	122.060382	3.686933	3.682798	116.42027800000001
3.900176	122.508907	3.748276	3.744141	116.868803
3.959107	124.012224	3.807004	3.8028690000000003	118.37212000000001
4.018524	125.394378	3.866514	3.862379	119.75427400000001
4.076959	126.955521	3.924880	3.920745	121.31541700000001
4.134173	127.863912	3.982619	3.978484	122.223808
4.192230	129.473119	4.040215	4.03608	123.833015
4.251504	130.913909	4.099223	4.0950880000000005	125.273805
4.313104	131.926065	4.162756	4.158621	126.285961
4.367320	135.410479	4.216878	4.212743000000001	129.770375
4.425596	136.681880	4.273786	4.2696510000000005	131.041776
4.485786	137.662055	4.333772	4.329637	132.021951
4.544683	139.611749	4.392679	4.3885440000000004	133.971645
4.604078	140.401212	4.452115	4.44798	134.76110799999998
4.664194	142.602010	4.512128	4.507993	136.961906
4.724224	143.889852	4.571774	4.567639	138.24974799999998
4.783659	144.981312	4.631688	4.627553	139.341208
4.842230	146.924847	4.690256	4.686121	141.284743
4.902073	148.905054	4.749650	4.745515	143.26495
4.961414	150.029521	4.809489	4.805354	144.38941699999998
5.020629	151.044665	4.869496	4.865361	145.404561
5.078606	152.730711	4.927154	4.923019	147.090607
5.137457	153.568101	4.985192	4.981057	147.927997
5.196387	154.440725	5.044261	5.040126	148.80062099999998
5.254842	156.284714	5.102706	5.098571000000001	150.64461
5.311874	156.975519	5.161755	5.1576200000000005	151.33541499999998
5.371013	158.652731	5.220171	5.216036	153.01262699999998
5.430216	160.387724	5.278229	5.274094	154.74761999999998
5.487691	160.668858	5.335692	5.331557	155.028754
5.546385	162.820570	5.394309	5.390174	157.180466
5.598628	164.006416	5.449436	5.445301000000001	158.366312
5.649677	164.332964	5.500447	5.4963120000000005	158.69286
5.705567	166.670533	5.554502	5.5503670000000005	161.030429
5.764770	168.445923	5.612678	5.608543	162.80581899999999
5.824350	169.647224	5.671684	5.667549	164.00712
5.884657	170.856514	5.732215	5.72808	165.21641
5.943033	172.319751	5.790960	5.786825	166.679647
6.002562	173.321186	5.850170	5.8460350000000005	167.681082
6.062833	174.866100	5.910256	5.906121000000001	169.22599599999998
6.121856	176.508819	5.969926	5.965791	170.86871499999998
6.180959	178.012439	6.029367	6.025232	172.372335
6.238282	179.318833	6.086325	6.082190000000001	173.678729
6.298008	180.766659	6.145867	6.141732	175.126555
6.354013	180.847436	6.202806	6.198671	175.20733199999998
6.411144	183.037657	6.259573	6.255438	177.397553
6.469250	183.811844	6.317317	6.313182	178.17174
6.523273	184.639808	6.374066	6.369931	178.99970399999998
6.578593	186.989346	6.427619	6.423484	181.349242
6.635444	187.775707	6.484707	6.480572	182.135603
6.688880	189.024166	6.538575	6.53444	183.384062
6.752611	190.907253	6.597725	6.59359	185.267149
6.813602	191.340747	6.661280	6.657145	185.70064299999999
6.872626	192.620357	6.720382	6.716247	186.980253
6.933136	194.433792	6.780705	6.77657	188.793688
6.992304	195.931650	6.839853	6.835718	190.29154599999998
7.052182	196.852075	6.899946	6.895811	191.211971
7.111362	199.081097	6.959177	6.955042000000001	193.440993
7.169753	200.249341	7.017798	7.013663	194.60923699999998
7.228714	201.211621	7.076626	7.072491	195.571517
7.288028	203.458754	7.136373	7.132238	197.81865
7.346547	204.498197	7.194768	7.190633	198.858093
7.404538	206.283328	7.252569	7.2484340000000005	200.643224
7.464047	208.157764	7.312139	7.308004	202.51765999999998
7.521718	208.964359	7.370006	7.365871	203.324255
7.579314	210.897654	7.428306	7.424171	205.25754999999998
7.631093	212.698747	7.481782	7.477647	207.058643
7.685241	213.425881	7.534794	7.530659	207.785777
7.744377	214.489209	7.592288	7.588153	208.84910499999998
7.804720	216.003827	7.652830	7.648695	210.363723
7.863602	217.127505	7.711688	7.707553	211.487401
7.922623	218.543748	7.770585	7.76645	212.90364399999999
7.981104	220.133018	7.829045	7.82491	214.49291399999998
8.039894	221.460706	7.887613	7.883478	215.82060199999998
8.099166	223.004214	7.947114	7.942979	217.36410999999998
8.157633	226.828692	8.005779	8.001644	221.18858799999998
8.216367	227.442113	8.064260	8.060125000000001	221.802009
8.276075	228.992705	8.123756	8.119621	223.352601
8.334936	230.646974	8.182763	8.178628	225.00687
8.393458	230.712013	8.241695	8.23756	225.071909
8.451848	232.704888	8.299933	8.295798	227.064784
8.510703	233.303324	8.358904	8.354769000000001	227.66322
8.569330	233.829561	8.417164	8.413029	228.189457
8.627893	235.308682	8.475973	8.471838	229.668578
8.685639	236.521496	8.533800	8.529665	230.881392
8.744422	237.316092	8.592747	8.588612	231.675988
8.802576	239.097711	8.650613	8.646478	233.457607
8.861423	240.952920	8.709546	8.705411	235.312816
8.920956	241.942450	8.768697	8.764562	236.302346
8.981064	243.626991	8.829077	8.824942	237.986887
9.039333	244.939290	8.887523	8.883388	239.299186
9.099008	245.515256	8.947355	8.94322	239.87515199999999
9.158012	248.116488	9.006118	9.001983000000001	242.476384
9.217066	248.743123	9.065224	9.061089	243.103019
9.275245	249.468561	9.122956	9.118821	243.828457
9.329950	252.199074	9.180520	9.176385	246.55897
9.383650	253.257933	9.233402	9.229267	247.617829
9.443369	254.454674	9.291410	9.287275000000001	248.81457
9.502792	256.251272	9.350771	9.346636	250.61116799999996
9.561669	256.713533	9.410363	9.406228	251.07342899999998
9.613953	257.486771	9.465157	9.461022	251.84666699999997
9.665678	258.924116	9.516082	9.511947000000001	253.28401200000002
9.723282	260.060938	9.571390	9.567255	254.420834
9.783731	261.523149	9.631600	9.627465	255.88304499999998
9.842996	263.469940	9.690776	9.686641	257.829836
9.903528	265.334184	9.751108	9.746973	259.69408
9.964098	266.025369	9.812145	9.80801	260.385265
10.023220	268.316317	9.871143	9.867008	262.676213
10.082802	269.588105	9.930812	9.926677	263.948001
10.141419	270.483319	9.989485	9.98535	264.843215
10.204993	272.229133	10.000000	9.995865	266.589029
